z	T	P	nabla_ad	S	rho	delta	cp	cv
0.0	6062.38027103	380.537504887	0.345925745336	174368.945312	9.84827686068e-06	1.01537727528	18555.8878677	11988.3392334
25000.0	6416.88798625	452.072027918	0.313055748153	174356.914575	1.10412107349e-05	1.02918593142	20705.7680389	13954.5649439
50000.0	6734.58165572	532.228351339	0.279005269563	174353.434749	1.23658340378e-05	1.04851951255	23621.3030147	16608.3440043
75000.0	7016.69388426	621.974800226	0.248349254495	174368.015885	1.38409155889e-05	1.07287336579	27111.9062813	19761.8102135
100000.0	7268.31859238	722.402175656	0.223110534817	174350.254188	1.54807087319e-05	1.10034714035	30935.6241249	23194.2151733
125000.0	7494.90458291	834.684489024	0.202491979039	174362.760375	1.7296843556e-05	1.13075375565	35050.1030292	26863.316711
150000.0	7701.19910886	960.06582889	0.18618990974	174356.544403	1.93027057671e-05	1.16244018593	39243.4716423	30577.6067005
175000.0	7891.49669714	1099.89346294	0.173198527287	174345.962354	2.15104332725e-05	1.19505711845	43461.8394569	34287.7290721
200000.0	8068.6727566	1255.61205501	0.162507412476	174375.713046	2.39325847718e-05	1.22897109613	47792.4440942	38072.5466468
225000.0	8235.21404329	1428.7427694	0.154069132882	174348.239631	2.65888964426e-05	1.26175572733	51892.4316749	41628.3377407
250000.0	8393.11172051	1620.9325636	0.147023481077	174346.23947	2.94905403147e-05	1.29505457848	56001.0824138	45167.7194327
275000.0	8543.60665282	1833.9439765	0.141096368747	174369.825342	3.26541312008e-05	1.32864427536	60116.5414776	48690.7525518
300000.0	8688.01605987	2069.64686382	0.136273578078	174342.467892	3.61049798644e-05	1.36058912135	63949.4686706	51944.2447696
325000.0	8827.26236401	2330.04720188	0.132126561552	174347.477731	3.98533415723e-05	1.39288859816	67798.1676047	55190.7395562
350000.0	8961.94396372	2617.26477741	0.128543615016	174364.930519	4.39215942706e-05	1.42499841189	71601.0722791	58377.8541067
375000.0	9092.8138979	2933.61901406	0.125612588641	174338.408949	4.83386869979e-05	1.45515909374	75106.273316	61289.0503325
400000.0	9220.35356385	3281.5426102	0.122996772302	174343.589105	5.3116357604e-05	1.48564224859	78637.1991209	64204.861435
425000.0	9344.87349114	3663.55448231	0.120721770007	174367.212121	5.82768788539e-05	1.51600377774	82138.370208	67077.8801945
450000.0	9466.83111932	4082.46296682	0.118834424562	174336.765162	6.38619592498e-05	1.54416653532	85306.9942171	69649.729897
475000.0	9586.52944081	4541.18707476	0.117151186298	174336.691036	6.98778082119e-05	1.57230960727	88491.2038673	72222.3445592
500000.0	9704.11795992	5042.83321626	0.115620096002	174373.500455	7.63472014382e-05	1.60090980588	91742.4170843	74837.5667799
525000.0	9819.88692313	5590.62993209	0.114396939323	174339.827168	8.33288335669e-05	1.62673313222	94577.6157574	77086.4692123
550000.0	9934.06190067	6188.14631753	0.113288393457	174327.462945	9.08264097289e-05	1.65259823674	97416.7674365	79326.3475294
575000.0	10046.7334535	6839.01504293	0.112263031909	174369.686352	9.88516702411e-05	1.67913198252	100381.417717	81661.8438221
600000.0	10158.0244881	7547.07309162	0.111420038655	174364.387126	0.000107477049087	1.70380553228	103060.13296	83744.0836035
625000.0	10268.1145825	8316.48919714	0.110671172744	174373.145203	0.000116709068589	1.72804227314	105695.596456	85781.2111881
650000.0	10377.0898174	9151.42643063	0.110017034598	174388.160545	0.000126582238932	1.75185375178	108277.421704	87764.1301402
675000.0	10485.0692489	10056.8056506	0.109485245973	174367.745034	0.000137159523263	1.77403101022	110619.039876	89537.9093489
700000.0	10592.1722685	11037.2229667	0.10901704639	174360.919855	0.00014844704783	1.79587599674	112927.088312	91275.7656215
725000.0	10698.4384913	12097.7218704	0.108596748997	174377.496027	0.000160472804045	1.81776359978	115255.987783	93022.7823904
750000.0	10803.9263733	13243.6344448	0.108247208968	174385.920865	0.000173295139498	1.83860268052	117454.411619	94656.461018
775000.0	10908.731377	14480.7350136	0.107973380034	174360.650788	0.000186981316398	1.85809576646	119450.923537	96116.6275141
800000.0	11012.9117531	15814.921833	0.107735639299	174361.381475	0.000201521823481	1.87755150316	121461.998037	97582.3997708
825000.0	11116.5009445	17252.1131243	0.107547380763	174379.745651	0.000216959101953	1.89685764562	123465.761317	99035.59557
850000.0	11219.5535888	18798.5604767	0.107415489628	174382.712649	0.000233368111304	1.91519208665	125332.655051	100371.525795
875000.0	11322.1422878	20461.8649372	0.107333419819	174356.971741	0.000250821857506	1.93220334875	127007.007734	101545.310517
900000.0	11424.2988812	22248.4093632	0.107266521574	174359.537781	0.000269293120083	1.9495094526	128735.191333	102756.642399
925000.0	11526.0319466	24165.7622062	0.10722525243	174377.600985	0.000288839688956	1.96645112621	130451.224003	103957.569778
950000.0	11627.3758413	26221.6878111	0.107226687842	174382.728224	0.000309551323003	1.98256028346	132064.272629	105073.342883
975000.0	11728.3926466	28424.3639734	0.107267290331	174356.562134	0.000331515769734	1.99742828803	133501.826991	106045.194552
1000000.0	11829.1040673	30782.3154013	0.107312195057	174355.190456	0.000354693525725	2.0122636689	134971.248469	107041.60424
1025000.0	11929.5073444	33304.017515	0.107371385963	174372.45104	0.000379137882517	2.02700893276	136455.102583	108047.370372
1050000.0	12029.6220322	35998.5030123	0.107460149703	174383.69227	0.000404946787754	2.04086659239	137827.861668	108962.51857
1075000.0	12129.4968682	38876.2033816	0.107591704015	174360.954318	0.000432249159146	2.05372088456	139036.618599	109742.639514
1100000.0	12229.1729006	41946.5164203	0.107738924238	174351.358285	0.000460999978214	2.06660881556	140254.597067	110526.202875
1125000.0	12328.649189	45219.838981	0.107895931513	174364.075086	0.000491228258899	2.07940759761	141487.925001	111320.501239
1150000.0	12427.9316599	48706.6180771	0.108067412944	174381.661744	0.000523028093209	2.09154541791	142656.927185	112063.972379
1175000.0	12527.0428933	52418.398877	0.108259954408	174376.252065	0.000556544755259	2.10247059565	143664.600484	112680.291818
1200000.0	12626.0235132	56366.7930925	0.10847555798	174350.197276	0.000591845736802	2.11288919337	144581.937993	113221.926409
1225000.0	12724.8833293	60563.9777544	0.108698870146	174350.884464	0.0006288487778	2.12365484421	145560.880195	113809.207144
1250000.0	12823.6196389	65022.6568939	0.108932478851	174368.173225	0.000667640773313	2.13428328719	146540.921167	114396.270634
1275000.0	12922.2415346	69754.9068622	0.10918019658	174383.259896	0.000708344825704	2.14422642201	147442.956249	114922.565961
1300000.0	13020.7738336	74774.4686523	0.10944623505	174368.438727	0.000751148358657	2.15296731579	148177.816087	115318.961537
1325000.0	13119.2501563	80096.3872832	0.109729024435	174345.670638	0.000796050078045	2.16135984014	148858.993724	115671.285346
1350000.0	13217.6738876	85735.0671116	0.110021277959	174348.643677	0.000842972421984	2.16996247451	149589.362742	116060.594061
1375000.0	13316.0437116	91704.0454669	0.110322785135	174366.039028	0.000892014244878	2.1783939054	150318.036612	116448.989054
1400000.0	13414.3659806	98017.9184878	0.110633581066	174380.898842	0.000943322981673	2.18625305405	150984.814216	116791.226242
1425000.0	13512.6582539	104694.743981	0.110953733094	174368.660237	0.000997129450765	2.19314682232	151521.406001	117035.460032
1450000.0	13610.9461141	111750.782204	0.111283369304	174343.840378	0.00105344152713	2.19964676977	152005.58623	117240.260864
1475000.0	13709.2302311	119203.27292	0.111619546774	174343.399545	0.00111212072091	2.20629011143	152536.576706	117482.050745
1500000.0	13807.5066987	127067.912337	0.111963304945	174358.415587	0.00117327328693	2.21278487967	153070.28298	117726.986571
1525000.0	13905.7789433	135364.70359	0.112315323025	174375.229395	0.00123707298813	2.21882202283	153556.646764	117936.915279
1550000.0	14004.0599927	144110.046318	0.112675660493	174374.694325	0.00130372330453	2.22412002533	153943.040048	118071.500601
1575000.0	14102.3730453	153324.878995	0.113047354391	174347.847175	0.00137340817151	2.22887640229	154241.264842	118138.979639
1600000.0	14200.7313153	163030.000607	0.113427421093	174338.444269	0.00144590305117	2.23367065186	154564.461587	118226.79013
1625000.0	14299.1306001	173245.957059	0.113814456734	174347.170308	0.00152123906963	2.2383631758	154897.610927	118323.283188
1650000.0	14397.5697029	183991.367261	0.114207973925	174363.833036	0.00159957674714	2.2427366198	155203.797686	118400.691856
1675000.0	14496.0541138	195287.655058	0.11460665579	174374.922377	0.00168111052704	2.24657832192	155445.847604	118430.857949
1700000.0	14594.5969481	207158.22927	0.115013421262	174364.774813	0.00176612279473	2.24992832424	155611.206628	118403.959984
1725000.0	14693.220762	219628.91506	0.115429575891	174341.09233	0.00185465078253	2.25310196186	155743.406532	118352.113561
1750000.0	14791.9280414	232721.340109	0.115851707683	174336.826193	0.00194643641445	2.25619674023	155890.094368	118313.115021
1775000.0	14890.7147392	246457.67432	0.116279220068	174346.333719	0.00204160212188	2.25904303506	156026.007922	118268.229697
1800000.0	14989.5806561	260860.80448	0.116711127782	174360.75259	0.00214032326599	2.26147882269	156123.753704	118197.000672
1825000.0	15088.5317525	275962.778789	0.117149432615	174370.644384	0.00224283185808	2.26348988772	156173.755201	118092.112021
1850000.0	15187.5803548	291782.772013	0.117597274264	174363.796516	0.00234934575757	2.26525150773	156180.607213	117955.393639
1875000.0	15286.7454101	308353.503931	0.118050523662	174341.239758	0.00246002314523	2.26684582142	156152.741243	117792.811581
1900000.0	15386.0297896	325700.849361	0.118508482943	174334.342719	0.0025745260213	2.26827858389	156124.984721	117632.399143
1925000.0	15485.4299895	343853.429179	0.118970350196	174339.381631	0.00269299152774	2.26942696553	156078.641065	117460.28281
1950000.0	15584.9444989	362833.82521	0.119438141446	174351.57035	0.00281552914908	2.27025013058	156005.68041	117270.560243
1975000.0	15684.5793173	382681.4213	0.119915911969	174365.174841	0.00294234653755	2.27082173145	155909.766918	117065.51518
2000000.0	15784.3428402	403417.26452	0.120400289378	174367.794553	0.00307372959607	2.27116025966	155778.809933	116835.380414
2025000.0	15884.2496952	425075.354747	0.120886682388	174347.484849	0.00321005948727	2.27134019115	155606.823383	116574.847773
2050000.0	15984.309394	447691.096992	0.121375064263	174331.253891	0.00335100179868	2.27133224628	155418.978886	116304.35779
2075000.0	16084.5195636	471299.98331	0.121869127476	174328.720273	0.00349645661963	2.27108396285	155219.118166	116027.356135
2100000.0	16184.878704	495928.24856	0.1223732526	174338.168563	0.00364646880567	2.2706277743	155009.964428	115745.71135
2125000.0	16285.3894463	521608.628586	0.122885761945	174352.887579	0.00380126795095	2.26994183148	154781.626896	115451.664625
2150000.0	16386.0573846	548375.516153	0.123403721183	174364.200792	0.00396115924732	2.26902708961	154524.878869	115137.875462
2175000.0	16486.8911672	576265.478262	0.123922879593	174361.421899	0.00412653709239	2.26792336852	154233.269727	114799.080578
2200000.0	16587.9023332	605317.607734	0.12444171282	174338.861525	0.00429769060507	2.26671765302	153913.538377	114440.404674
2225000.0	16689.0972581	635569.310113	0.124968443087	174326.036442	0.00447399269526	2.26534600788	153589.173307	114080.616017
2250000.0	16790.4754945	667060.147998	0.12550367558	174326.250818	0.00465545533286	2.26376041065	153256.850157	113717.360266
2275000.0	16892.03729	699826.615708	0.126046095441	174334.995854	0.00484228123084	2.26194469621	152908.618583	113344.429766
2300000.0	16993.7840569	733901.41384	0.126593520724	174346.723357	0.00503470451988	2.25988647754	152536.833896	112955.983231
2325000.0	17095.7198872	769322.025892	0.127146630435	174356.678251	0.00523293393062	2.25760655029	152139.430943	112550.294456
2350000.0	17197.8534862	806137.137868	0.127705915019	174359.084191	0.00543727162234	2.25518203432	151721.167265	112130.850133
2375000.0	17300.1950885	844391.886226	0.128265928464	174344.331871	0.00564820180419	2.25275767426	151288.550693	111701.578933
2400000.0	17402.7508706	884116.97072	0.128828375366	174327.331622	0.00586536441696	2.25026083541	150848.289795	111267.965088
2425000.0	17505.5241205	925376.956113	0.129396309364	174320.761027	0.00608854528289	2.24754728801	150396.944022	110828.323391
2450000.0	17608.5115699	968191.594478	0.129972617368	174323.46185	0.00631772211172	2.24457017395	149928.920351	110378.800437
2475000.0	17711.7180711	1012620.25053	0.13055922215	174333.455447	0.00655307985403	2.24134367894	149442.736835	109918.216742
2500000.0	17815.1454246	1058689.16858	0.131153540082	174345.778854	0.00679483868349	2.23793524124	148938.812865	109446.260814
2525000.0	17918.8021159	1106467.38124	0.131752041231	174354.544225	0.00704346360363	2.23442282127	148418.907556	108963.69828
2550000.0	18022.690871	1155976.32625	0.132350282161	174352.789978	0.00729929089729	2.23090541796	147887.200417	108472.905623
2575000.0	18126.8227104	1207292.39331	0.132948009774	174335.557351	0.00756274282184	2.22744033158	147348.416034	107977.458668
2600000.0	18231.2026668	1260456.12515	0.133552069725	174320.850012	0.00783315159561	2.22386946494	146802.559356	107478.294605
2625000.0	18335.830956	1315505.63207	0.134165149668	174316.202992	0.00811024994459	2.22009290521	146245.660355	106973.050895
2650000.0	18440.7100391	1372496.54143	0.134785741357	174319.121496	0.00839427988806	2.21611892394	145675.899354	106460.335222
2675000.0	18545.8438106	1431491.85192	0.135412518529	174326.607852	0.00868552204004	2.21195281184	145091.124333	105938.485581
2700000.0	18651.2336954	1492523.3953	0.136048443748	174337.029478	0.00898400001804	2.20756237197	144487.352673	105404.749521
2725000.0	18756.8854272	1555644.05108	0.136691379705	174346.355062	0.0092900222623	2.20302132187	143868.922899	104862.005112
2750000.0	18862.8051006	1620909.17982	0.137337163307	174349.356603	0.0096040257555	2.19844810377	143242.954767	104314.814592
2775000.0	18968.9987493	1688377.26066	0.137980400351	174340.007342	0.00992654698897	2.19397817492	142618.581959	103769.400468
2800000.0	19075.4716882	1758109.45016	0.138621564712	174321.653217	0.010257587143	2.18959445424	141997.022463	103226.718918
2825000.0	19182.226855	1830161.61148	0.139273495361	174312.2939	0.0105961551097	2.18498188516	141361.115393	102675.696769
2850000.0	19289.2667354	1904586.66814	0.139935725021	174311.118452	0.0109423699337	2.18015744515	140711.403279	102116.557342
2875000.0	19396.594216	1981438.5298	0.140606484903	174315.786947	0.011296464625	2.17516710266	140049.823439	101550.308961
2900000.0	19504.2124631	2060772.39057	0.141283697335	174323.639308	0.011658720767	2.17006127771	139378.464078	100978.036992
2925000.0	19612.1255806	2142644.60955	0.14196940112	174332.930767	0.0120292745772	2.16480797622	138691.825758	100395.552559
2950000.0	19720.3396592	2227111.78528	0.142663196803	174341.166456	0.0124083533581	2.15943831155	137991.720895	99804.175475
2975000.0	19828.8601989	2314232.40991	0.143359505879	174344.098183	0.0127964148958	2.15408856702	137289.981148	99212.3017032
3000000.0	19937.691186	2404067.7545	0.144051669242	174336.886459	0.013194010132	2.14890375544	136599.448011	98629.1077991
3025000.0	20046.837059	2496704.08549	0.144736989308	174319.529783	0.0136014282809	2.14391300334	135924.949658	98058.3858048
3050000.0	20156.300345	2592207.78833	0.145433392	174308.677416	0.014017393972	2.13866498894	135232.634896	97476.9097854
3075000.0	20266.0825237	2690611.15604	0.14614289273	174305.175781	0.0144417766846	2.13313092865	134519.540555	96882.501907
3100000.0	20376.1874731	2791967.09038	0.146864139266	174307.66882	0.0148747215155	2.1273639868	133789.55862	96277.7411051
3125000.0	20486.6254387	2896389.07723	0.147595640669	174314.584503	0.0153165887599	2.12142381537	133046.884239	95665.364498
3150000.0	20597.3961237	3003896.68599	0.148335071394	174323.840188	0.0157675082652	2.1153811254	132296.557418	95048.6762648
3175000.0	20708.5010114	3114529.26446	0.149079758428	174333.130741	0.0162277214457	2.10931108136	131544.190914	94431.4349301
3200000.0	20819.953609	3228447.08358	0.149826566982	174339.764598	0.0166978759153	2.10329356437	130796.03623	93817.9514231
3225000.0	20931.7458038	3345615.96385	0.150571455938	174340.751232	0.0171780993705	2.09741477237	130058.950516	93212.9197053
3250000.0	21043.8865936	3466177.98063	0.151309702803	174332.515805	0.0176691282574	2.09177041864	129340.808096	92621.862203
3275000.0	21156.3720902	3590167.20385	0.15204144836	174317.568431	0.0181708053152	2.08633390711	128641.439037	92044.8718856
3300000.0	21269.2048476	3717683.35129	0.152775598783	174307.118974	0.0186822855229	2.08088970391	127946.638534	91472.3791865
3325000.0	21382.3838879	3848764.96404	0.153521570548	174302.168575	0.0192032447698	2.07522471408	127234.889814	90889.2538936
3350000.0	21495.92014	3983520.33113	0.154283512158	174302.496082	0.0197337148014	2.06926084885	126498.201351	90289.8762515
3375000.0	21609.8131809	4121940.16537	0.155058838126	174306.882666	0.0202736828424	2.06306763552	125742.850764	89678.6258222
3400000.0	21724.0808287	4264212.98929	0.155845313608	174314.014756	0.0208236865696	2.05670869537	124974.462063	89059.3947238
3425000.0	21838.7166106	4410288.96374	0.156639571075	174322.162855	0.0213836817222	2.05026156558	124199.917047	88436.94472
3450000.0	21953.7296063	4560291.61877	0.15743831765	174329.453326	0.0219541289533	2.04380376485	123425.81743	87815.7950197
3475000.0	22069.1255266	4714326.46889	0.158237577246	174333.73215	0.0225355094247	2.03741906153	122659.464323	87201.0422666
3500000.0	22184.8990921	4872400.61648	0.159032984183	174332.598476	0.0231280795307	2.03119147332	121908.042895	86597.6084204
3525000.0	22301.0515004	5034609.56531	0.159819641901	174323.394542	0.0237324013553	2.02521273595	121179.401058	86010.945133
3550000.0	22417.5887058	5201123.00539	0.160601102947	174311.932337	0.0243481917149	2.01939816474	120468.888604	85437.9858616
3575000.0	22534.5008063	5371924.62342	0.161383418147	174304.615916	0.0249745447325	2.01361622877	119766.906607	84872.1382304
3600000.0	22651.7898379	5547092.49997	0.162177125429	174301.489174	0.0256112625641	2.00765589061	119051.40949	84297.8053908
3625000.0	22769.4630212	5726703.32008	0.162985040596	174302.188819	0.0262583094487	2.00147104618	118317.489307	83711.5201876
3650000.0	22887.5301136	5910867.44234	0.163804903833	174306.029537	0.0269159351481	1.99511594177	117570.075095	83116.7054038
3675000.0	23005.9971075	6099666.29271	0.164634138703	174312.034485	0.0275843426923	1.98864866103	116814.487574	82517.0662941
3700000.0	23124.8648191	6293136.66926	0.165469798629	174319.060497	0.0282636713732	1.98213190996	116056.392271	81916.533096
3725000.0	23244.1364258	6491359.06655	0.16630866846	174325.895501	0.028954205821	1.97562851607	115301.453849	81319.0553763
3750000.0	23363.8136229	6694415.70749	0.167147266261	174331.059437	0.0296562804259	1.96920287358	114555.530312	80728.7415766
3775000.0	23483.8965156	6902390.9487	0.167981692383	174332.921789	0.0303702958071	1.9629224504	113824.641372	80149.8117115
3800000.0	23604.3834948	7115371.56077	0.168807685838	174329.691399	0.0310966978564	1.95685489279	113114.870229	79586.5350301
3825000.0	23725.2711226	7333447.06337	0.16962158691	174319.998709	0.0318358944663	1.9510564428	112431.398125	79042.5676159
3850000.0	23846.5559835	7556704.83363	0.170434802482	174310.982002	0.0325868154038	1.94530450677	111756.492963	78505.786482
3875000.0	23968.2413184	7785223.74374	0.171260042234	174305.688118	0.0333487889033	1.93936722111	111068.381167	77960.9719583
3900000.0	24090.3325942	8019080.58279	0.172096206732	174303.804796	0.0341218692007	1.93327351659	110369.404764	77409.6497253
3925000.0	24212.8342787	8258351.99608	0.172941314703	174304.875482	0.0349061492024	1.92706740723	109663.372808	76854.3761288
3950000.0	24335.7496914	8503114.49483	0.173793173131	174308.404522	0.0357017505993	1.92079470313	108954.238798	76297.8253032
3975000.0	24459.0808947	8753444.63116	0.174649319948	174313.72678	0.0365088367961	1.91450338337	108246.148779	75742.8060033
4000000.0	24582.8286152	9009419.15758	0.175507143481	174320.11193	0.0373275926121	1.9082415983	107543.380288	75192.265156
4025000.0	24706.9921767	9271115.13148	0.176363588885	174326.696105	0.0381582586705	1.9020579167	106850.246557	74649.1953075
4050000.0	24831.5730781	9538663.28955	0.177215527575	174332.518557	0.0390012005971	1.89600155724	106171.25615	74116.7514955
4075000.0	24956.569118	9812168.4978	0.178059436895	174336.445078	0.0398568164804	1.890123193	105511.011592	73598.189296
4100000.0	25081.9711614	10091652.3767	0.178895169967	174337.224696	0.0407252773075	1.88441046568	104867.939716	73092.459393
4125000.0	25207.7779266	10377195.6072	0.179729690549	174333.301162	0.0416067515755	1.87872956619	104228.458853	72590.170784
4150000.0	25333.9903034	10668878.5912	0.180562335528	174324.325142	0.042501351261	1.87309083668	103593.389841	72091.8323319
4175000.0	25460.6153796	10966877.8288	0.181399047437	174316.583454	0.0434080793763	1.86739517469	102956.725394	71593.4836235
4200000.0	25587.6554104	11271288.6457	0.182240567619	174311.932468	0.0443266096126	1.86163409356	102318.500561	71095.1488144
4225000.0	25715.1034221	11582074.4876	0.183085077532	174310.168019	0.0452567924274	1.85584160057	101681.58886	70598.7205175
4250000.0	25842.9580614	11899299.8882	0.1839307497	174310.93486	0.0461987066878	1.850051219	101048.852802	70106.1247444
4275000.0	25971.232563	12223283.9283	0.184775356265	174313.946205	0.0471528803299	1.84430077872	100423.717326	69619.6947366
4300000.0	26099.9112352	12553901.53	0.185616714235	174318.731271	0.0481191173035	1.83862726022	99809.2224681	69141.468597
4325000.0	26228.9869742	12891177.5912	0.186452408	174324.749453	0.0490974900973	1.83306655054	99208.3342906	68673.438013
4350000.0	26358.4726439	13235493.3451	0.18728321127	174331.1593	0.0500887542287	1.82759148986	98618.4319719	68213.9106079
4375000.0	26488.3515817	13586670.4819	0.188113776556	174336.86978	0.0510925819667	1.82210833359	98030.2574148	67756.5389105
4400000.0	26618.6255703	13944824.3575	0.188943288352	174341.380291	0.0521091771075	1.81663913918	97445.400672	67302.3354846
4425000.0	26749.3062082	14310260.0813	0.189770336261	174344.091058	0.0531391015111	1.81121341945	96866.0787926	66852.7203067
4450000.0	26880.373478	14682723.9999	0.190593842274	174344.418089	0.0541819318521	1.80585629754	96294.091069	66408.8295917
4475000.0	27011.8478396	15062712.5635	0.191412090658	174341.504196	0.0552386362845	1.80060260218	95732.1503553	65972.4491858
4500000.0	27143.7071048	15449949.3738	0.192223697017	174334.811258	0.0563087703602	1.7954752063	95181.9518245	65544.6502735
4525000.0	27275.9632764	15844807.4572	0.193030932409	174327.750221	0.0573920449265	1.79043689461	94641.8675792	65124.4413066
4550000.0	27408.6023773	16247164.9833	0.193835537654	174323.561065	0.0584873543693	1.78545236809	94110.2045076	64710.7715556
4575000.0	27541.6295225	16657286.5208	0.194635910112	174322.015072	0.059595087503	1.78053993592	93588.7547747	64304.9313202
4600000.0	27675.0319196	17075076.6113	0.19543343715	174322.239366	0.0607151741895	1.77563305538	93071.6862135	63903.1447468
4625000.0	27808.8182954	17500847.2279	0.196229110193	174323.832712	0.0618480602715	1.7707110339	92557.0777126	63504.1414858
4650000.0	27942.9719247	17934375.5594	0.197023087957	174326.606945	0.0629933047346	1.76578774473	92045.5405191	63108.1842417
4675000.0	28077.5113655	18376184.4052	0.19781488823	174330.40231	0.0641516544741	1.76087877979	91538.2742082	62716.0502419
4700000.0	28212.4117933	18825866.5981	0.198604437351	174334.962423	0.0653223771205	1.75599990283	91036.0603439	62328.0970848
4725000.0	28347.6927076	19283983.273	0.19939104303	174339.995846	0.0665063374044	1.75117111338	90540.443497	61945.3567292
4750000.0	28483.3371478	19750297.1384	0.200174220718	174345.224662	0.0677031192699	1.74641102462	90052.5349257	61568.4344862
4775000.0	28619.3436637	20224918.0535	0.200953142563	174350.240882	0.0689128768283	1.74173792061	89573.6792689	61198.2015609
4800000.0	28755.7230793	20708255.733	0.201726727744	174354.668756	0.0701362531585	1.73717714452	89105.7378701	60835.8344086
4825000.0	28892.4541545	21199983.3336	0.202493229367	174357.539479	0.0713729432306	1.73270509905	88647.0581871	60480.453931
4850000.0	29029.5421666	21700411.8843	0.203251799459	174357.853597	0.072623628189	1.7282990123	88195.9042659	60131.0755895
4875000.0	29166.9892061	22209777.6987	0.20400308996	174355.155116	0.073888677343	1.72396585699	87752.4426552	59787.7076224
4900000.0	29304.7799462	22727861.3525	0.204747997789	174349.072761	0.0751677585579	1.71971183325	87316.4856188	59450.002031
4925000.0	29442.9158305	23254847.8616	0.205489838602	174342.713963	0.0764600810251	1.71549621953	86885.662601	59116.4049318
4950000.0	29581.4087749	23791183.462	0.206230976455	174338.35273	0.0777654480361	1.71129631374	86458.5942101	58785.925724
4975000.0	29720.2416714	24336544.7466	0.206971795996	174335.9181	0.0790832707042	1.70712018628	86035.6120909	58458.6924728
5000000.0	29859.4140738	24891032.1828	0.207712632432	174335.368295	0.0804135581784	1.70297878466	85617.2627834	58134.9464573
5025000.0	29998.9313675	25454903.3242	0.208453589853	174336.632999	0.0817565923341	1.69888450288	85204.3135204	57815.1444348
5050000.0	30138.7969855	26028386.1879	0.209191257909	174339.211428	0.0831127700531	1.69483488875	84797.1814366	57499.8134945
5075000.0	30278.9972584	26611292.4571	0.209923238826	174342.453149	0.0844819633922	1.69081511167	84395.2113221	57188.791536
5100000.0	30419.5293148	27203725.5937	0.210650678479	174346.275228	0.0858642085878	1.68682444255	83997.9819983	56881.704593
5125000.0	30560.3909873	27805789.2303	0.211374528053	174350.459717	0.0872595690658	1.68286451516	83605.2290321	56578.2736554
5150000.0	30701.5874422	28417783.9114	0.212095962217	174354.855184	0.0886684043511	1.6789371161	83216.8005945	56278.3407612
5175000.0	30843.1165934	29039776.6487	0.212815858394	174359.254131	0.09009068585	1.67504664677	82832.5945871	55981.6992641
5200000.0	30984.9727082	29671699.5947	0.213535231873	174363.415797	0.0915263099336	1.67119805028	82452.5962497	55688.2414428
5225000.0	31127.1564706	30313656.4568	0.214254959418	174367.127708	0.0929752743876	1.66739849964	82076.928976	55397.8872632
5250000.0	31269.6691485	30965751.1096	0.214975477636	174370.067485	0.0944377582715	1.66365605362	81705.9005992	55110.7787689
5275000.0	31412.5111074	31628088.637	0.215691838938	174371.565995	0.0959140695983	1.65997887853	81340.8427215	54828.0620033
5300000.0	31555.6799582	32300776.1885	0.216401718618	174371.019736	0.0974045062929	1.65636902401	80982.227074	54550.2023506
5325000.0	31699.1733641	32983921.8654	0.217105670424	174367.990687	0.0989093245424	1.65282603207	80629.6733148	54276.8840433
5350000.0	31842.99538	33677823.4181	0.217804870645	174362.299238	0.100428744978	1.64935004288	80282.8666052	54007.7601785
5375000.0	31987.1390759	34382389.2513	0.218503468109	174356.988838	0.101961397348	1.64589485622	79939.0260834	53741.030395
5400000.0	32131.6042868	35097702.6083	0.21920383648	174353.154136	0.103506850984	1.64244426648	79596.9004747	53475.7861365
5425000.0	32276.3920758	35823858.0325	0.219907370023	174350.809612	0.105065010764	1.63899559294	79256.0574785	53211.656636
5450000.0	32421.5043958	36560949.0766	0.220615434474	174349.947636	0.106635870961	1.63554963896	78916.2267937	52948.3610745
5475000.0	32566.9439395	37309068.5663	0.221328105642	174350.417254	0.108219424188	1.6321082118	78577.5145414	52685.9535459
5500000.0	32712.7116544	38068309.4498	0.222039937618	174351.795258	0.109815971616	1.62868083643	78241.7827628	52426.0564209
5525000.0	32858.8065006	38838765.2983	0.222750420578	174353.881863	0.111425589327	1.62526905132	77909.0337844	52168.6862146
5550000.0	33005.22797	39620528.9858	0.223460695572	174356.572893	0.1130482879	1.62187413742	77578.7720553	51913.3677431
5575000.0	33151.9762685	40413692.2772	0.224171879249	174359.738645	0.114684106226	1.61849647347	77250.5025342	51659.6585141
5600000.0	33299.0524523	41218346.1746	0.224885253999	174363.301601	0.116332966086	1.61513631855	76923.7660582	51407.1084428
5625000.0	33446.4583149	42034580.474	0.225601901441	174367.108304	0.117994948161	1.61179409306	76598.1214817	51155.319385
5650000.0	33594.1963966	42862483.7703	0.226323054638	174371.017932	0.119670001718	1.60846992541	76273.1683693	50903.8896808
5675000.0	33742.2699863	43702143.2275	0.227049716331	174374.912259	0.121358117605	1.60516381335	75948.5762436	50652.4963174
5700000.0	33890.6824489	44553645.0222	0.227779822155	174378.439609	0.123059456879	1.60188136588	75625.0663369	50401.6932186
5725000.0	34039.4365488	45417136.504	0.228509718443	174381.128781	0.124774289857	1.59862863025	75303.9172034	50152.5693643
5750000.0	34188.5377927	46292886.1731	0.229239578238	174382.843808	0.126502928853	1.59540623221	74985.1056691	49905.1032624
5775000.0	34337.9810796	47180781.1102	0.229969657563	174383.31043	0.128245115178	1.59221452551	74668.6306346	49659.2844785
5800000.0	34487.7672078	48080907.0117	0.230700209351	174382.312491	0.130000997466	1.58905465476	74354.4976595	49415.1226534
5825000.0	34637.897134	48993348.0753	0.231431353397	174379.604864	0.131770592213	1.58592787693	74042.723057	49172.6230769
5850000.0	34788.3720193	49918187.1828	0.232163552985	174375.121869	0.133553910926	1.58283478144	73733.276635	48931.7568023
5875000.0	34939.1935738	50855503.2517	0.232899990264	174370.482484	0.135350128304	1.57975304979	73424.6251888	48691.49532
5900000.0	35090.3646539	51805366.5356	0.233642791703	174367.081554	0.137158577324	1.57666633111	73115.6748765	48451.094605
5925000.0	35241.8894419	52767909.6351	0.234389536293	174364.680986	0.138979522789	1.57357895989	72807.042749	48211.0577914
5950000.0	35393.7840225	53743720.2455	0.235140111368	174363.208208	0.140813383607	1.57049139311	72498.7944608	47971.4325369
5975000.0	35546.0352544	54732335.7998	0.235894798356	174362.609792	0.142659540577	1.56740308919	72190.8245836	47732.1275567
6000000.0	35698.6449817	55733819.2047	0.236653900246	174362.819233	0.144517957658	1.56431324594	71883.0186975	47493.0605721
6025000.0	35851.6152168	56748230.5244	0.237417915009	174363.751406	0.146388548235	1.56122164763	71575.2775128	47254.1454472
6050000.0	36004.9481357	57775626.5171	0.238187271435	174365.376704	0.148271223047	1.55812824573	71267.4912118	47015.2816342
6075000.0	36158.6657547	58816756.6088	0.238962857462	174367.620509	0.150166451958	1.55503261236	70959.5289744	46776.3466023
6100000.0	36312.7591261	59871251.0569	0.239744809611	174370.379519	0.152073925885	1.55193612136	70651.3210545	46537.2700708
6125000.0	36467.2252205	60938957.7887	0.240532065992	174373.375334	0.153993502553	1.54884172108	70343.0641482	46298.1848554
6150000.0	36622.06619	62019925.5675	0.241324017243	174376.476391	0.155925229858	1.54575106621	70034.9716417	46059.2674616
6175000.0	36777.2982374	63114705.7376	0.242120397401	174379.606257	0.157869532976	1.54266562579	69727.2833416	45820.7084203
6200000.0	36932.9282195	64223525.0281	0.24292099132	174382.656603	0.15982641858	1.53958589632	69420.1834608	45582.6578757
6225000.0	37088.9403305	65345817.0031	0.243725329873	174385.509035	0.161795336976	1.53651309634	69113.8264141	45345.237411
6250000.0	37245.3357682	66481619.737	0.244533208736	174388.103108	0.163776235593	1.53344745312	68808.3309745	45108.5463019
6275000.0	37402.1428005	67631928.0509	0.245344691672	174390.300055	0.165769871589	1.53039049494	68503.909271	44872.7550556
6300000.0	37559.3490208	68796304.7451	0.246159604013	174391.942128	0.167775775464	1.52734241235	68200.5671405	44637.8523248
6325000.0	37716.9441564	69974380.236	0.246978085944	174392.715187	0.169793837075	1.52430259116	67897.9802707	44403.5704763
6350000.0	37874.9443431	71166712.4549	0.247799623217	174392.456735	0.17182445382	1.52127387965	67596.3574543	44170.0485311
6375000.0	38033.3666268	72373909.6815	0.248623334367	174390.952505	0.173868136288	1.51826146255	67296.1585308	43937.63343
6400000.0	38192.1820872	73594980.9645	0.249448193268	174388.166777	0.175923928459	1.51526849146	66997.6526151	43706.5091229
6425000.0	38351.4028563	74830395.6599	0.250273520055	174384.031635	0.177992066344	1.51229917006	66701.2004371	43476.92539
6450000.0	38511.0548079	76081119.3463	0.251101615896	174379.783547	0.180072502542	1.50933988579	66405.93141	43248.3085669
6475000.0	38671.1015558	77345862.1522	0.251933916664	174376.424352	0.182163600801	1.50637963961	66111.0130479	43020.0813188
6500000.0	38831.5647311	78625388.6134	0.252771000718	174374.001956	0.184265774723	1.50341838619	65816.4120928	42792.2108491
6525000.0	38992.4608191	79920244.2135	0.25361455457	174372.307159	0.186379512183	1.50045039519	65521.3168957	42564.0517912
6550000.0	39153.7572368	81229223.3329	0.254463836922	174371.202819	0.188503886035	1.49747657248	65225.869857	42335.7303751
6575000.0	39315.4981253	82553838.9769	0.255318753586	174370.720497	0.190639795596	1.4944984162	64930.343547	42107.4785557
6600000.0	39477.66339	83893356.6316	0.256178227983	174370.832691	0.192786562198	1.49151866337	64635.059339	41879.5481545
6625000.0	39640.2421304	85247384.2518	0.257041502695	174371.482804	0.194943708809	1.48853823787	64340.2614568	41652.1492566
6650000.0	39803.2862303	86617747.3153	0.257908237588	174372.668586	0.197112498194	1.48556064029	64046.3540625	41425.6147365
6675000.0	39966.736568	88002389.6918	0.258777386644	174374.329817	0.199291246289	1.4825861277	63753.4611189	41200.0412906
6700000.0	40130.6435191	89403103.5025	0.259649837389	174376.329971	0.201481236488	1.47961440572	63461.4582522	40975.3420199
6725000.0	40294.9810603	90818954.5544	0.260527144837	174378.454753	0.203681943366	1.47663960849	63169.4864264	40750.8368063
6750000.0	40459.7551962	92250125.3918	0.261408604387	174380.681023	0.205893382534	1.47366441742	62877.8794109	40526.77276
6775000.0	40624.9904298	93697463.689	0.262293575724	174383.000651	0.208116038685	1.4706910978	62587.0280677	40303.4680463
6800000.0	40790.6448739	95159507.2342	0.263180931554	174385.403618	0.210348675432	1.46772297749	62297.2270659	40081.0991834
6825000.0	40956.7844343	96638596.7949	0.264070006482	174387.824585	0.212592765012	1.4647635413	62009.039609	39860.1335078
6850000.0	41123.3326313	98132086.8816	0.264959746135	174390.235688	0.214846421353	1.46181522516	61722.5539084	39640.5845791
6875000.0	41290.3735297	99643011.8418	0.265849394457	174392.61158	0.217111536192	1.45888260772	61438.3830164	39422.9456257
6900000.0	41457.8252498	101168527.0	0.266740630989	174394.710401	0.219386418328	1.45595802407	61155.4852207	39206.4132042
6925000.0	41625.7639433	102711351.205	0.267634032364	174396.317822	0.221672898236	1.45304192097	60873.8303265	38990.9742163
6950000.0	41794.1224076	104269118.05	0.268528492049	174397.502544	0.223969209526	1.45013661032	60593.5920644	38776.7240318
6975000.0	41962.967241	105844251.566	0.26942301021	174398.046876	0.226276841188	1.44724861905	60315.3342564	38564.0781211
7000000.0	42132.232954	107434479.259	0.270316692094	174398.026723	0.228594146218	1.44437949253	60039.1457152	38353.0644945
7025000.0	42301.9871153	109042325.13	0.271208253709	174397.256251	0.230922556556	1.44153614846	59765.6957596	38144.1751902
7050000.0	42472.1549687	110665201.725	0.272097053274	174395.770246	0.233260391413	1.4387196045	59494.9571082	37937.3507126
7075000.0	42642.8164812	112306157.098	0.272982913361	174393.207487	0.235609608741	1.43593342271	59227.1223987	37732.7203292
7100000.0	42813.8826268	113962016.763	0.273868065338	174389.653955	0.237968334646	1.43316729632	58961.0266391	37529.3964164
7125000.0	42985.4477627	115636315.29	0.274754461643	174386.200965	0.240337970932	1.43041134435	58696.2331967	37327.1600327
7150000.0	43157.4251691	117325878.726	0.275642300117	174383.225934	0.242716193829	1.42765986093	58432.4474176	37125.8118648
7175000.0	43329.8841037	119033321.359	0.276530769745	174380.824917	0.24510438398	1.42491369041	58170.0399342	36925.6988872
7200000.0	43502.7774063	120756955.133	0.277419193358	174379.025003	0.247501313611	1.42217320461	57909.2085676	36726.980169
7225000.0	43676.1259163	122497640.475	0.278306646439	174377.858432	0.249907439645	1.41943927447	57650.2389266	36529.9148457
7250000.0	43849.9355995	124255700.04	0.279193032057	174377.325301	0.25232277204	1.41671070185	57393.1718066	36334.5649206
7275000.0	44024.1666864	126029702.686	0.280079833326	174377.126178	0.254746912377	1.41398400003	57137.2940244	36140.3536227
7300000.0	44198.8941957	127822541.959	0.280966901095	174377.278528	0.257181263829	1.41126087504	56882.8631016	35947.4923602
7325000.0	44374.0354389	129631136.93	0.281853708957	174377.741225	0.259623966712	1.40854397051	56629.8380462	35755.8703676
7350000.0	44549.6513566	131457887.795	0.282739543817	174378.535356	0.26207616608	1.40583783793	56378.7067204	35565.8607638
7375000.0	44725.7135629	133301798.368	0.283623903186	174379.659065	0.26453706608	1.40314606145	56129.5958586	35377.4942391
7400000.0	44902.1994849	135162100.589	0.284506142729	174381.079916	0.267006170484	1.40047120151	55882.660315	35190.867477
7425000.0	45079.1794578	137041657.832	0.285385361988	174382.82379	0.269484828644	1.39781962472	55638.4161177	35006.3495778
7450000.0	45256.5726427	138937426.164	0.286263013718	174384.609106	0.271971931089	1.39518675964	55396.0485572	34823.2941305
7475000.0	45434.4181552	140851031.258	0.287138690626	174386.425809	0.274468154662	1.39257195238	55155.6673868	34641.8164581
7500000.0	45612.7255464	142782961.214	0.288011908808	174388.270919	0.27697364177	1.38997582969	54917.454144	34462.0678801
7525000.0	45791.4456856	144731376.323	0.288882208883	174390.151367	0.279487379351	1.38739521573	54681.3110309	34284.0140552
7550000.0	45970.6336605	146698622.362	0.289748560457	174392.084558	0.282010169668	1.38483124715	54447.6525141	34108.0013061
7575000.0	46150.2607616	148683700.064	0.290610653966	174394.066954	0.284541513421	1.38228176864	54216.4882395	33934.0747485
7600000.0	46330.2966392	150685528.95	0.291468469075	174396.059887	0.287080728406	1.37974462879	53987.7182447	33762.1709227
7625000.0	46510.7998508	152706681.231	0.292321983535	174397.819596	0.289629498161	1.37721970047	53761.4560092	33592.4290493
7650000.0	46691.7305368	154745656.982	0.293171408834	174399.304067	0.292187066449	1.37470775075	53537.4669436	33424.6198571
7675000.0	46873.0661625	156801654.593	0.29401656187	174400.51658	0.294752938834	1.37221072472	53315.7190528	33258.6800808
7700000.0	47054.8561754	158876929.932	0.294856575238	174401.425835	0.297327819751	1.36973431188	53096.6719294	33094.9232622
7725000.0	47237.0742445	160970552.605	0.29569116724	174402.031303	0.29991122786	1.36728049178	52880.2628054	32933.2635759
7750000.0	47419.6914005	163081460.167	0.2965203501	174402.349066	0.302502388914	1.36485195151	52666.5023447	32773.64815
7775000.0	47602.7337505	165210994.779	0.297343196542	174402.302884	0.30510187575	1.36245198402	52455.5998676	32616.221146
7800000.0	47786.214753	167359974.455	0.298159713102	174401.555013	0.307710429768	1.36007996822	52247.4762055	32460.9376756
7825000.0	47970.0871763	169526498.735	0.29897046363	174400.199839	0.310327167176	1.35773227665	52041.8670184	32307.6048359
7850000.0	48154.348992	171710655.028	0.299775435278	174398.188789	0.312952069615	1.35540804374	51838.7767092	32156.2463255
7875000.0	48339.059889	173915392.807	0.300573117585	174395.429034	0.315586398222	1.35311107798	51638.6933258	32007.2473292
7900000.0	48524.160976	176138235.983	0.301365194236	174392.390214	0.318228689783	1.35083355321	51441.0577	31860.2181527
7925000.0	48709.6436917	178378967.062	0.30215269562	174389.757994	0.320878346755	1.34856937993	51245.5369229	31714.9443551
7950000.0	48895.5167464	180638169.445	0.302935165507	174387.519348	0.323535793624	1.34631756977	51052.1856328	31571.5251088
7975000.0	49081.8208904	182917985.184	0.30371211794	174385.599763	0.326202235785	1.34408119368	50861.1753209	31430.0923026
8000000.0	49268.5003322	185215935.452	0.304484060039	174383.955593	0.32887640508	1.34185810514	50672.217249	31290.3919675
8025000.0	49455.5530998	187532103.388	0.305250744359	174382.620524	0.331558015507	1.33964919131	50485.3406998	31152.4063646
8050000.0	49642.9830911	189866880.064	0.306011989749	174381.603506	0.334246994624	1.33745547547	50300.6335133	31016.1805292
8075000.0	49830.8337082	192222661.929	0.306766702622	174381.03448	0.33694395471	1.33527873577	50118.3786298	30881.9218749
8100000.0	50019.0488571	194596890.688	0.307515496364	174380.834961	0.339647627968	1.33311799178	49938.2999643	30749.3641218
8125000.0	50207.6255422	196989643.59	0.308257831118	174380.903971	0.34235830261	1.33097352062	49760.5033029	30618.6083173
8150000.0	50396.5607743	199401000.35	0.308993502406	174381.158208	0.3450762933	1.32884463967	49584.9634592	30489.6744357
8175000.0	50585.8853172	201832839.566	0.309721949124	174381.616003	0.347802365063	1.32673357375	49411.8930911	30362.7418506
8200000.0	50775.5799549	204284422.102	0.310443639618	174382.306031	0.350536046451	1.3246398551	49241.1220441	30237.6744895
8225000.0	50965.6229566	206754835.461	0.311158983841	174383.191413	0.353276888435	1.32256284421	49072.4964232	30114.3533731
8250000.0	51156.0114655	209244158.261	0.311868094321	174384.311865	0.35602490844	1.32050398681	48906.0553836	29992.8030953
8275000.0	51346.742655	211752468.846	0.312570982139	174385.619321	0.358780196732	1.31846391562	48741.7841272	29873.005346
8300000.0	51537.8432753	214281541.315	0.313265921841	174387.007177	0.361543839892	1.3164448191	48579.9956797	29755.2227586
8325000.0	51729.2951645	216830656.196	0.313953235276	174388.407215	0.364315437991	1.31444644506	48420.6293525	29639.380219
8350000.0	51921.0789026	219398983.277	0.314633512773	174389.856122	0.367094387722	1.31246876698	48263.5441932	29525.3222485
8375000.0	52113.1911604	221986600.471	0.315306644	174391.356046	0.369880654811	1.31051222487	48108.7335607	29413.0314044
8400000.0	52305.6285864	224593584.971	0.315972763958	174392.931675	0.372673912416	1.30857697068	47956.1600039	29302.4541895
8425000.0	52498.3877582	227220012.211	0.316631875842	174394.546137	0.37547407891	1.30666389393	47805.8268193	29193.5798127
8450000.0	52691.4993642	229868084.982	0.317283167728	174396.183999	0.378281958518	1.30477698125	47658.0106286	29086.6039884
8475000.0	52884.9279936	232535957.044	0.317926725272	174397.668585	0.381097317573	1.30291490044	47512.5321976	28981.4083475
8500000.0	53078.6663386	235223475.027	0.318562704506	174399.01044	0.383919930535	1.30107519725	47369.3507261	28877.9955369
8525000.0	53272.7105204	237930714.979	0.319190661223	174400.252464	0.386749778135	1.29925566832	47228.4774952	28776.4095128
8550000.0	53467.056575	240657752.736	0.319810348272	174401.38678	0.38958685683	1.29745424262	47089.8822822	28676.6596342
8575000.0	53661.7003138	243404663.094	0.320421291739	174402.450005	0.392431035271	1.29566917654	46953.5731981	28578.7691155
8600000.0	53856.6370785	246171520.5	0.321023250013	174403.389802	0.395282585871	1.29389948662	46819.5872755	28482.7952996
8625000.0	54051.8900507	248960356.282	0.321615075776	174404.037645	0.398142500868	1.29214846172	46688.1553396	28388.9043718
8650000.0	54247.4266035	251769333.743	0.322197458888	174404.402746	0.401010040821	1.29041589877	46559.094085	28296.9297331
8675000.0	54443.2408923	254598455.352	0.32277018854	174404.460426	0.403885176133	1.2887022283	46432.4532978	28206.9202512
8700000.0	54639.3280735	257447795.793	0.323333256942	174404.226418	0.406767685738	1.28700796029	46308.2145843	28118.8454848
8725000.0	54835.6830336	260317428.194	0.323886505276	174403.704888	0.409657475989	1.28533470184	46186.4426101	28032.735332
8750000.0	55032.3005465	263207424.009	0.324429471996	174402.835141	0.412554372889	1.28368222832	46067.1819405	27948.6405106
8775000.0	55229.1746352	266117856.037	0.324960090145	174401.544247	0.415458865209	1.28205289228	45950.742666	27866.8128426
8800000.0	55426.2986627	269048798.906	0.325478494684	174399.784856	0.418371119429	1.28044599462	45837.0981566	27787.2400783
8825000.0	55623.6666664	272000326.784	0.325986566683	174397.459387	0.421291069042	1.27886088642	45725.9835251	27709.6788426
8850000.0	55821.285995	274973572.601	0.326486390433	174394.955011	0.424218763812	1.27729584452	45617.0481392	27633.8230462
8875000.0	56019.1456539	277967976.749	0.326980914947	174392.721661	0.427153434659	1.2757460972	45509.7837509	27559.268817
8900000.0	56217.2381114	280983128.355	0.32747231848	174390.821913	0.430094810506	1.27421122328	45403.8778535	27485.7231472
8925000.0	56415.5621676	284019091.581	0.327961147684	174389.216157	0.433042834871	1.27269101663	45299.4286378	27413.3007925
8950000.0	56614.1162249	287075931.779	0.328445626634	174387.815611	0.435997932469	1.27118742967	45196.909805	27342.4364071
8975000.0	56812.8978116	290153714.578	0.32892469873	174386.639894	0.438960010703	1.2697003342	45096.1284381	27272.9267121
9000000.0	57011.9038812	293252504.821	0.329397297405	174385.667148	0.441929144565	1.26822993143	44996.8397566	27204.5136792
9025000.0	57211.1307598	296372367.137	0.329862510142	174384.923125	0.444905238174	1.26677559172	44898.8003823	27136.9527946
9050000.0	57410.5741791	299513364.878	0.330319342146	174384.425951	0.447888232063	1.2653371336	44801.7847303	27070.0087318
9075000.0	57610.22927	302675561.183	0.330766749381	174384.140878	0.450878296979	1.26391493427	44705.6283588	27003.5050536
9100000.0	57810.0908045	305859020.736	0.331204584716	174383.975297	0.453875733073	1.26251012191	44610.4067773	26937.502381
9125000.0	58010.1538087	309063808.472	0.331633370323	174383.926435	0.45688059139	1.26112278828	44516.31519	26872.2105851
9150000.0	58210.4137506	312289987.82	0.332054076534	174384.028742	0.459892671027	1.2597522113	44423.5804088	26807.8730548
9175000.0	58410.8664876	315537621.246	0.332467663539	174384.297745	0.462911858455	1.25839793165	44332.3715586	26744.6801823
9200000.0	58611.5084061	318806768.544	0.33287509596	174384.765852	0.465937966472	1.25705935056	44242.9260099	26682.8819009
9225000.0	58812.3363941	322097488.47	0.333277115887	174385.438701	0.468970774283	1.2557365868	44155.4186372	26622.6479455
9250000.0	59013.3476356	325409839.161	0.333673517182	174386.204127	0.472010956034	1.2544320339	44069.740306	26563.8209227
9275000.0	59214.5390506	328743880.904	0.334063678819	174387.043062	0.475058276884	1.25314493119	43985.8116012	26506.3281496
9300000.0	59415.9071199	332099673.413	0.334446574619	174387.977546	0.478112798618	1.25187482419	43903.617315	26450.1663223
9325000.0	59617.4476064	335477272.993	0.334821447604	174389.00893	0.481174361772	1.25061970154	43823.1147464	26395.3350369
9350000.0	59819.1556751	338876735.163	0.335187300994	174390.18283	0.484242725267	1.24937905317	43744.3578127	26341.8946883
9375000.0	60021.0259347	342298113.714	0.335543206549	174391.477335	0.487317814489	1.24815179047	43667.2814197	26289.8095502
9400000.0	60223.0524315	345741461.809	0.335888255248	174392.831168	0.490400070264	1.24693953482	43592.076483	26239.240418
9425000.0	60425.2289775	349206836.332	0.336222276748	174394.135672	0.493489897926	1.24574344343	43518.8607266	26190.287829
9450000.0	60627.5496674	352694293.544	0.33654588416	174395.39871	0.496587302571	1.244563561	43447.5211025	26142.8434336
9475000.0	60830.0088144	356203888.229	0.336859561582	174396.655696	0.49969210723	1.24339990344	43378.0298461	26096.8675874
9500000.0	61032.6010875	359735675.06	0.337163681672	174397.862801	0.502804402241	1.24225233408	43310.3212913	26052.3101045
9525000.0	61235.3213215	363289706.822	0.337458807498	174399.062797	0.505924073344	1.24112078716	43244.331117	26009.0988249
9550000.0	61438.1647299	366866035.571	0.337745602812	174400.214972	0.509051100877	1.24000504305	43180.0176689	25967.1999466
9575000.0	61641.1275259	370464726.16	0.3380240917	174401.231665	0.512190079852	1.23890599495	43117.182006	25926.5453932
9600000.0	61844.2037692	374085796.789	0.338295392014	174402.280253	0.515332425385	1.23782166799	43055.9854602	25887.0608439
9625000.0	62047.3917793	377729338.442	0.338559931275	174403.451781	0.518477013956	1.23675161766	42996.3746802	25848.6622399
9650000.0	62250.6867306	381395376.729	0.338817810155	174404.396396	0.521635998246	1.23569814166	42937.9950775	25811.3447373
9675000.0	62454.0849934	385083951.962	0.33906982308	174405.34953	0.524800026439	1.23465949906	42881.0368751	25775.0307246
9700000.0	62657.582992	388795105.59	0.339315184268	174406.210623	0.527970367382	1.23363768408	42825.6013623	25739.8131956
9725000.0	62861.1766657	392528884.081	0.339552501527	174406.883887	0.531148638361	1.23263429569	42771.8853733	25705.8985154
9750000.0	63064.8617144	396285335.124	0.33978142013	174407.318607	0.534334816424	1.23164945535	42719.8864867	25673.2777059
9775000.0	63268.6337975	400064505.134	0.340002396222	174407.492305	0.537529018878	1.23068234301	42669.5374897	25641.9075055
9800000.0	63472.4886832	403866439.033	0.340215584387	174407.409722	0.540731135953	1.22973206645	42620.7742192	25611.7394124
9825000.0	63676.4223206	407691180.282	0.340421213622	174407.083816	0.543941008039	1.22879790975	42573.5225939	25582.7098834
9850000.0	63880.4307528	411538769.942	0.340619587609	174406.513302	0.547158634613	1.22787895657	42527.7132369	25554.772525
9875000.0	64084.510081	415409246.894	0.34081091265	174405.696526	0.550383876832	1.22697430066	42483.2832352	25527.8812384
9900000.0	64288.6565991	419302649.226	0.340995591795	174404.6282	0.55361658835	1.22608325204	42440.1624964	25501.9769775
9925000.0	64492.8667808	423219013.03	0.341173769836	174403.272056	0.556856846943	1.22520486664	42398.2696637	25477.0054998
9950000.0	64697.1370234	427158371.087	0.341345754641	174401.679338	0.560104360419	1.224338542	42357.5677342	25452.9366603
9975000.0	64901.4640947	431120755.004	0.341511817727	174399.857326	0.563359167743	1.22348264599	42317.9356986	25429.6933533
10000000.0	65105.8474941	435107527.21	0.341671574407	174398.171988	0.566621108383	1.22263743477	42279.4807767	25407.3513945
10025000.0	65310.2820131	439118368.538	0.341823258798	174396.566714	0.569891215327	1.22180493741	42242.5527048	25386.2440018
10050000.0	65514.7614035	443152455.158	0.341967116385	174395.076028	0.573169025941	1.22098524836	42207.0668329	25366.2756366
10075000.0	65719.2815598	447209818.903	0.34210359369	174393.709507	0.576454661357	1.22017833049	42172.9826693	25347.4137548
10100000.0	65923.8385285	451290489.226	0.342232960443	174392.467396	0.579747941413	1.21938407487	42140.2125821	25329.5695933
10125000.0	66128.428551	455394494.196	0.342355453607	174391.360749	0.583048888193	1.21860195911	42108.682727	25312.6828286
10150000.0	66333.0479971	459521859.724	0.342471358371	174390.410501	0.58635744144	1.21783185729	42078.330475	25296.6937134
10175000.0	66537.6933723	463672609.658	0.342580997173	174389.618027	0.589673473944	1.21707365304	42049.0851102	25281.5324864
10200000.0	66742.3613741	467846766.065	0.342684697542	174388.981378	0.592996938569	1.2163268281	42020.8697502	25267.1340449
10225000.0	66947.0488894	472044348.686	0.342782761444	174388.541449	0.596327753862	1.21559108416	41993.6194009	25253.4391771
10250000.0	67151.7530502	476265673.355	0.342875305736	174388.247886	0.599665895532	1.2148662198	41967.2783828	25240.3974012
10275000.0	67356.4720797	480513593.533	0.34296220631	174388.191065	0.603012394737	1.21415386047	41941.8544428	25227.9797595
10300000.0	67561.2012203	484785141.916	0.343044022124	174388.323167	0.606366047064	1.21345200895	41917.2281908	25216.1059111
10325000.0	67765.9374545	489080336.01	0.343119606138	174388.539679	0.609727640432	1.21276240858	41893.5791852	25204.9331481
10350000.0	67970.6774863	493399193.871	0.343188735053	174388.807693	0.613097410152	1.21208574342	41870.9862318	25194.5261102
10375000.0	68175.418078	497741732.868	0.343251501147	174389.130658	0.616475250769	1.21142175449	41849.4503921	25184.8878927
10400000.0	68380.1560768	502107967.692	0.343308131281	174389.523236	0.619860999826	1.21077004807	41828.9503316	25176.0008513
10425000.0	68584.8883955	506497909.828	0.343358880816	174389.997939	0.623254602587	1.21013054496	41809.4734868	25167.850322
10450000.0	68789.6120972	510911569.382	0.343403797488	174390.560971	0.626656080958	1.20950309113	41790.999829	25160.4221958
10475000.0	68994.3216718	515352971.597	0.343442377531	174391.215692	0.630066459722	1.20888895912	41773.6886523	25153.8393504
10500000.0	69199.0155011	519818676.285	0.34347551954	174391.967684	0.633484578103	1.20828646685	41757.3720075	25147.9711257
10525000.0	69403.6910899	524308292.481	0.34350363824	174392.821609	0.63691033419	1.20769504552	41742.006508	25142.7898892
10550000.0	69608.345888	528821822.204	0.343526917527	174393.777834	0.640343509831	1.20711424097	41727.5778913	25138.2879399
10575000.0	69812.9774423	533359265.25	0.343545539026	174394.84283	0.643783955439	1.20654358569	41714.0656968	25134.4534977
10600000.0	70017.5833392	537920618.99	0.343559493555	174396.015134	0.647231693551	1.2059829227	41701.4711249	25131.2920919
10625000.0	70222.1611403	542505877.786	0.343568254739	174397.25909	0.650686910133	1.20543282791	41689.8647005	25128.8618653
10650000.0	70426.7009313	547119950.406	0.343569779175	174398.478228	0.654151885555	1.20489723232	41679.5627446	25127.3960582
10675000.0	70631.2047144	551758548.165	0.343565545124	174399.693675	0.657625141851	1.20437286568	41670.2865567	25126.6969313
10700000.0	70835.6703965	556421238.961	0.34355597691	174400.892248	0.661106481005	1.20385951772	41661.9857676	25126.7202992
10725000.0	71040.0955524	561108017.373	0.34354136175	174402.066039	0.664595784185	1.20335690629	41654.6207743	25127.4315345
10750000.0	71244.4779248	565818875.4	0.343521978454	174403.219742	0.668093012311	1.20286469233	41648.1493983	25128.796643
10775000.0	71448.8153834	570553802.161	0.343498104215	174404.368145	0.6715982354	1.20238257589	41642.5289679	25130.7835424
10800000.0	71653.0971234	575317022.251	0.343469302212	174405.484148	0.675112659933	1.20191177035	41637.8377727	25133.4429253
10825000.0	71857.3248188	580106428.136	0.343436426466	174406.596667	0.678635489954	1.20145142949	41633.9621354	25136.6812698
10850000.0	72061.5005964	584920073.562	0.343400036927	174407.692834	0.682166204371	1.20100037107	41630.78996	25140.4149303
10875000.0	72265.6229988	589757940.684	0.343360361766	174408.787729	0.685704613235	1.20055841344	41628.2839748	25144.6084823
10900000.0	72469.6906692	594620008.557	0.343317473143	174409.87501	0.689250659492	1.20012573114	41626.4331247	25149.2472836
10925000.0	72673.7022976	599506252.592	0.34327120886	174410.904519	0.692804610573	1.19970294468	41625.2616548	25154.3475252
10950000.0	72877.6387184	604423610.844	0.343218870635	174411.831075	0.696369357203	1.19929488139	41625.2084033	25160.2493407
10975000.0	73081.5132074	609365458.935	0.34316209088	174412.615881	0.699942453544	1.19889769251	41625.9791159	25166.7374671
11000000.0	73285.3243576	614331650.574	0.343101181512	174413.293761	0.703523901774	1.1985109506	41627.5207896	25173.767956
11025000.0	73489.070643	619322159.487	0.343036464941	174413.863437	0.707113653738	1.19813414357	41629.7938309	25181.3101402
11050000.0	73692.7506917	624336956.492	0.342968268362	174414.306178	0.710711603399	1.19776666166	41632.7623168	25189.3379955
11075000.0	73896.3477644	629381401.251	0.342896183551	174414.620408	0.714319441271	1.19740955755	41636.5002425	25197.8970999
11100000.0	74099.8677421	634452765.023	0.342821185101	174414.770668	0.717936217118	1.19706166196	41640.884951	25206.8910239
11125000.0	74303.3167122	639548566.576	0.342743862228	174414.796504	0.721560996249	1.19672136411	41645.7945298	25216.2325669
11150000.0	74506.6940114	644668767.293	0.342664481026	174414.686316	0.725193656352	1.19638816833	41651.1958242	25225.8964587
11175000.0	74709.9990888	649813325.325	0.342583302447	174414.419722	0.728834087265	1.196061701	41657.0631829	25235.8620719
11200000.0	74913.2131373	654988320.387	0.342500369933	174413.984174	0.732484227987	1.19574331045	41663.4410391	25246.139793
11225000.0	75116.3454206	660190373.801	0.342415507443	174413.345428	0.736143034181	1.19543230617	41670.3445237	25256.7638362
11250000.0	75319.4027689	665416915.435	0.342327892563	174412.48246	0.739810084337	1.19512978138	41677.8472985	25267.7877594
11275000.0	75522.3844209	670667898.807	0.3422374109	174411.372852	0.743485504955	1.19483627317	41685.9712868	25279.2242018
11300000.0	75725.2895784	675943273.897	0.342144413413	174410.002331	0.747169290436	1.19455168454	41694.6859236	25291.0475031
11325000.0	75928.0873687	681252367.304	0.342048296998	174408.332778	0.750864171839	1.19427756821	41704.1184729	25303.3461437
11350000.0	76130.805308	686586180.501	0.341949900467	174406.702028	0.754567276963	1.19401118922	41714.0944237	25316.0124568
11375000.0	76333.4432411	691944505.379	0.341849323361	174405.159536	0.758278150498	1.193752086	41724.5952701	25329.0323519
11400000.0	76536.0006344	697327280.952	0.341746700376	174403.738387	0.761996622129	1.19349994536	41735.5985938	25342.3888558
11425000.0	76738.4605361	702739360.034	0.341641973989	174402.473703	0.765724584039	1.19325593055	41747.1493927	25356.108075
11450000.0	76940.8201346	708181310.339	0.341535526063	174401.366333	0.769461666256	1.19301937719	41759.1962416	25370.15144
11475000.0	77143.096781	713647810.319	0.341427933819	174400.392093	0.773206313086	1.192788836	41771.619059	25384.4319281
11500000.0	77345.2904461	719138788.86	0.341319335391	174399.555695	0.776958516104	1.19256401359	41784.3875474	25398.9282947
11525000.0	77547.3951691	724655929.552	0.341209783248	174398.874109	0.780718788198	1.1923448582	41797.4869642	25413.6314221
11550000.0	77749.3842014	730206797.788	0.341097195667	174398.318635	0.784489489852	1.19213606206	41811.3231721	25428.8327139
11575000.0	77951.2876465	735782231.781	0.340982069835	174397.859752	0.788268286201	1.19193526406	41825.7321232	25444.4312673
11600000.0	78153.1050032	741382152.912	0.34086453736	174397.482036	0.79205506707	1.19174210269	41840.6867172	25460.4050118
11625000.0	78354.8358063	747006480.111	0.340744771749	174397.167982	0.795849669533	1.19155613979	41856.15392	25476.7265971
11650000.0	78556.4366244	752667022.438	0.340622333943	174397.01151	0.799655809629	1.19137975973	41872.2792553	25493.4845228
11675000.0	78757.9484588	758352130.359	0.340498409194	174396.941915	0.803469817631	1.1912094401	41888.7878915	25510.4847864
11700000.0	78959.3713396	764061714.843	0.340373186468	174396.952006	0.80729155058	1.19104478637	41905.6503377	25527.7051638
11725000.0	79160.7053263	769795682.829	0.340246847689	174397.035239	0.811120871356	1.19088541761	41922.8380415	25545.1241552
11750000.0	79361.9050448	775566357.673	0.340119405431	174397.262879	0.814961631992	1.19073281101	41940.4105494	25562.7629001
11775000.0	79563.0140744	781361820.188	0.339991573433	174397.580646	0.818810156765	1.19058417104	41958.1828687	25580.5032914
11800000.0	79764.0337976	787181718.971	0.339863518247	174397.983761	0.822666187245	1.19043915697	41976.1287039	25598.3246592
11825000.0	79964.9606455	793027059.031	0.339735403987	174398.471965	0.82652987247	1.19029761174	41994.2299417	25616.2096408
11850000.0	80165.7542503	798908998.395	0.339606244271	174399.08089	0.830405044093	1.19016182451	42012.6728557	25634.288517
11875000.0	80366.4581422	804815417.545	0.339475391586	174399.74186	0.834288088825	1.19003164825	42031.5175751	25652.632004
11900000.0	80567.0723939	810746206.879	0.339342978424	174400.44843	0.838178915843	1.18990688256	42050.74604	25671.2260227
11925000.0	80767.5814553	816705451.255	0.339209042965	174401.199774	0.842078716987	1.18978798365	42070.3799338	25690.078959
11950000.0	80967.963218	822698988.089	0.339073716944	174402.020203	0.845989489367	1.18967542591	42090.4088574	25709.177888
11975000.0	81168.2542892	828716927.078	0.33893779078	174402.870705	0.84990798064	1.18956729048	42110.6817711	25728.4161885
12000000.0	81368.4551352	834759146.374	0.338801437842	174403.753592	0.853834096857	1.18946341137	42131.1758767	25747.7752616
12025000.0	81568.5324326	840834655.906	0.338664898766	174404.709347	0.85777050236	1.18936481154	42151.9115041	25767.2531835
12050000.0	81768.4984597	846940314.323	0.338528559835	174405.689568	0.861716066757	1.18927063715	42172.8066672	25786.7880357
12075000.0	81968.3752428	853070262.246	0.338392637506	174406.699426	0.865669122936	1.18917984632	42193.7965815	25806.343873
12100000.0	82168.1626263	859224608.125	0.338257288318	174407.745068	0.869629772731	1.18909234403	42214.8612092	25825.9057181
12125000.0	82367.8066307	865418529.799	0.338123341805	174408.839239	0.873602155796	1.18901004477	42235.9821345	25845.4117053
12150000.0	82567.3636813	871636736.195	0.337989835146	174409.947081	0.87758198933	1.18893160355	42257.1994341	25864.9334627
12175000.0	82766.8343517	877879085.178	0.337856359623	174411.066542	0.881569264584	1.18885751313	42278.5734777	25884.5179347
12200000.0	82966.1897218	884153700.003	0.337721861069	174412.196743	0.885566571124	1.18879058474	42300.3167692	25904.3094877
12225000.0	83165.4294517	890460685.916	0.337586770783	174413.296159	0.88957406757	1.1887306121	42322.3634536	25924.254005
12250000.0	83364.5831333	896791795.852	0.337451483558	174414.386215	0.893589073151	1.18867495187	42344.5866067	25944.2813055
12275000.0	83563.6474708	903147973.722	0.337316124003	174415.473907	0.897611835739	1.1886233004	42366.9662245	25964.377706
12300000.0	83762.5698144	909544255.062	0.337181211387	174416.524369	0.901647037083	1.18857756454	42389.5140324	25984.5180416
12325000.0	83961.4075942	915964627.754	0.33704687012	174417.557506	0.905689499045	1.18853456679	42412.1029768	26004.6415545
12350000.0	84160.1616587	922408927.684	0.336913187602	174418.573727	0.909739176577	1.18849413825	42434.7175183	26024.7366155
12375000.0	84358.7898249	928889562.297	0.336780902885	174419.564526	0.913799886077	1.18845703483	42457.3067756	26044.7383883
12400000.0	84557.3174411	935399673.778	0.336650144145	174420.511117	0.917869506593	1.1884216627	42479.8029258	26064.6161591
12425000.0	84755.7643827	941933654.753	0.336520776932	174421.422138	0.921946263202	1.18838732254	42502.196469	26084.3737568
12450000.0	84954.107473	948498683.136	0.336393445442	174422.287228	0.926032186257	1.18835378871	42524.4171306	26103.9464191
12475000.0	85152.3344355	955098969.261	0.336267479401	174423.107839	0.930127302334	1.18832274293	42546.623064	26123.4287935
12500000.0	85350.4837222	961723048.602	0.336141898414	174423.863239	0.934229979787	1.18829419277	42568.8807855	26142.9177102
