z	T	P	nabla_ad	S	rho	delta	cp	cv
0.0	9389.22399655	3805.37504887	0.119976223889	174368.920898	6.01628968866e-05	1.52658295631	83337.245214	68054.3823242
25000.0	9510.00818067	4236.64117321	0.11818203335	174345.715332	6.58794476749e-05	1.55452466011	86483.2286562	70602.6611328
50000.0	9628.61374797	4708.56059041	0.116550998509	174363.037109	7.20303887647e-05	1.58289504051	89704.3080762	73201.8188477
75000.0	9745.19587478	5224.20106727	0.115140751425	174375.109863	7.86521070495e-05	1.61043035984	92800.193877	75680.6030273
100000.0	9860.07524776	5786.99017599	0.113969408632	174345.629883	8.57866027104e-05	1.63613426685	95615.9698821	77908.6181641
125000.0	9973.40822188	6400.45217567	0.112898392889	174347.363281	9.34394748242e-05	1.66203546524	98471.1879377	80158.7890625
150000.0	10085.2684127	7068.17688397	0.11192641337	174389.27002	0.000101630838856	1.68828487396	101397.164107	82457.7209473
175000.0	10195.8390291	7794.16009071	0.111129858095	174378.24707	0.00011043344017	1.71250236034	104012.170443	84483.0871582
200000.0	10305.2426548	8582.5575101	0.110414659393	174393.017578	0.000119843832636	1.7365732193	106634.070973	86506.439209
225000.0	10413.572061	9437.6987742	0.109801281938	174400.634766	0.000129911384761	1.75994551182	109151.905638	88432.8125
250000.0	10520.961433	10364.3012318	0.109303133317	174375.585938	0.000140688811712	1.78164815903	111432.149849	90153.4790039
275000.0	10627.4953778	11367.2366128	0.108851356261	174378.491211	0.00015217598559	1.80354762077	113753.048981	91899.2553711
300000.0	10733.2130883	12451.5003502	0.108453528575	174396.923828	0.00016441319417	1.82514989376	116051.158648	93619.152832
325000.0	10838.185178	13622.4533929	0.108133281496	174392.553711	0.00017746742742	1.84541809559	118168.574069	95184.2346191
350000.0	10942.5065601	14885.9161634	0.107873816637	174371.557617	0.000191380763681	1.86478483677	120151.881368	96631.5917969
375000.0	11046.2162813	16247.7424144	0.107652274579	174380.01709	0.000206150929216	1.88414490223	122158.633603	98092.2302246
400000.0	11149.3531016	17713.9935422	0.10748184447	174398.181152	0.000221832991087	1.90323853493	124135.044583	99521.3256836
425000.0	11251.9779803	19291.2132803	0.107371026894	174386.92627	0.000238514360262	1.92093682289	125912.762188	100783.648682
450000.0	11354.1603829	20986.4525631	0.107294669668	174368.701172	0.000256221937889	1.93798410892	127594.45483	101961.346436
475000.0	11455.9139676	22806.7044729	0.107235098649	174378.027344	0.000274956022395	1.95520842075	129323.290426	103172.888184
500000.0	11557.254353	24759.2301381	0.107205683197	174396.032715	0.000294781045795	1.97189557552	131014.935138	104354.321289
525000.0	11658.2251134	26851.8515418	0.107222543304	174389.196777	0.000315799070449	1.98754549026	132562.900186	105417.016602
550000.0	11758.88482	29093.0389911	0.107266263957	174367.016602	0.00033805554267	2.00225663185	133989.481648	106380.151367
575000.0	11859.2391367	31491.1499379	0.107314237525	174372.851562	0.000361525337667	2.01708984375	135469.223447	107384.533691
600000.0	11959.2902952	34054.7526129	0.107380757882	174391.40625	0.000386279765507	2.03161215782	136929.581164	108371.289062
625000.0	12059.06578	36793.0293952	0.107481635144	174395.141602	0.000412426743424	2.04511237144	138251.284154	109245.141602
650000.0	12158.6199866	39715.9787512	0.107621238058	174369.140625	0.000440066855845	2.05782151222	139436.915349	110005.847168
675000.0	12257.9780101	42833.661941	0.107771083471	174366.97998	0.000469140047699	2.07069730759	140661.693763	110794.555664
700000.0	12357.1382355	46156.0887592	0.107931644335	174383.105469	0.000499704697177	2.08332943916	141881.727875	111578.564453
725000.0	12456.1103161	49693.857467	0.108108041233	174397.705078	0.00053186590776	2.09514117241	143012.532512	112292.39502
750000.0	12554.9225703	53458.4561585	0.108308302518	174380.944824	0.000565778748296	2.10571122169	143966.146292	112865.83252
775000.0	12653.6125193	57462.1024156	0.108525995707	174361.791992	0.000601433043812	2.11621713638	144898.858605	113418.969727
800000.0	12752.1812054	61716.5300644	0.108751648529	174368.237305	0.000638797359898	2.12696194649	145881.489727	114009.082031
825000.0	12850.6287782	66233.8140138	0.108988413454	174387.036133	0.000677965772411	2.13742756844	146845.612546	114583.984375
850000.0	12948.9675095	71026.8214931	0.109240094095	174397.473145	0.000719078286693	2.14706683159	147709.673969	115081.188965
875000.0	13047.2268443	76109.5952873	0.10951122474	174373.571777	0.000762322429182	2.15551161766	148400.956996	115443.688965
900000.0	13145.4346685	81496.6758547	0.10979617715	174358.14209	0.000807602987152	2.16396355629	149096.258606	115806.896973
925000.0	13243.5897394	87201.8954261	0.110090394619	174365.942383	0.000854912570958	2.17253136635	149828.502704	116197.961426
950000.0	13341.6921751	93239.594209	0.110393758683	174384.545898	0.0009043639011	2.18082952499	150544.972451	116577.55127
975000.0	13439.7506774	99625.0522635	0.110706396033	174395.361328	0.000956121311901	2.18845105171	151183.286366	116898.815918
1000000.0	13537.7860958	106374.918007	0.111028661848	174374.023438	0.0010104112107	2.19509100914	151684.042099	117116.247559
1025000.0	13635.8201893	113506.571307	0.111359254388	174355.505371	0.00106712786874	2.20162630081	152180.76866	117331.335449
1050000.0	13733.8494323	121036.32544	0.111696568677	174359.716797	0.00112622024062	2.2082388401	152714.504552	117575.830078
1075000.0	13831.871405	128980.946211	0.11204171475	174376.5625	0.00118780997127	2.21462726593	153239.467099	117814.746094
1100000.0	13929.8915643	137358.20178	0.112395059992	174391.296387	0.0012520688415	2.22048974037	153704.92281	118009.326172
1125000.0	14027.9249068	146187.23882	0.112756957815	174383.776855	0.00131922467972	2.22558069229	154060.976025	118121.362305
1150000.0	14125.9962337	155488.673595	0.113130420372	174357.60498	0.00138937753036	2.23030900955	154357.757599	118188.293457
1175000.0	14224.1120344	165282.204852	0.113511366011	174352.929688	0.00146230331666	2.23507714272	154684.582248	118279.309082
1200000.0	14322.2682155	175587.170378	0.113899265384	174364.331055	0.00153807877723	2.23969721794	155013.155513	118373.022461
1225000.0	14420.4649893	186423.800524	0.114293337961	174381.005859	0.00161688194567	2.24394822121	155306.487973	118441.442871
1250000.0	14518.7089625	197813.659181	0.114692279456	174388.708496	0.00169891995938	2.24763417244	155527.993553	118456.982422
1275000.0	14617.0160569	209779.991337	0.115100800027	174372.192383	0.00178447203325	2.25090789795	155678.647752	118419.226074
1300000.0	14715.4064713	222347.086907	0.115517471398	174352.490234	0.00187343266589	2.25406169891	155813.845652	118370.336914
1325000.0	14813.8791744	235537.617534	0.115939965031	174351.660156	0.00196565270016	2.25710225105	155959.242798	118331.188965
1350000.0	14912.4309402	249374.534985	0.116367639601	174362.963867	0.00206127265301	2.25985956192	156088.21342	118281.970215
1375000.0	15011.0625103	263881.922415	0.116799378719	174376.989746	0.00216048329094	2.26217579842	156173.381644	118202.148438
1400000.0	15109.7804519	279085.224686	0.11723901284	174385.046387	0.00226346969612	2.2641210556	156215.383892	118091.845703
1425000.0	15208.5995626	295011.398847	0.117687305103	174372.753906	0.00237053382079	2.26582670212	156210.740902	117946.789551
1450000.0	15307.5370328	311689.061715	0.118140596161	174352.478027	0.00248165520134	2.2673842907	156182.223682	117784.460449
1475000.0	15406.5926885	329144.999698	0.118598452258	174348.31543	0.0025965923669	2.26876235008	156151.572081	117622.595215
1500000.0	15505.7631592	347406.05848	0.119059965653	174354.833984	0.00271549743047	2.26982927322	156098.324436	117446.105957
1525000.0	15605.0485649	366500.093989	0.119528777274	174368.054199	0.00283848430627	2.27059292793	156021.214001	117254.077148
1550000.0	15704.454404	386455.841696	0.120007104913	174380.725098	0.00296574876302	2.27111124992	155919.349648	117045.178223
1575000.0	15803.9911721	407303.989733	0.120491200758	174379.89502	0.00309764072881	2.27140402794	155780.442414	116809.558105
1600000.0	15903.6737828	429077.83589	0.120976705625	174357.36084	0.00323447420669	2.27154684067	155602.77216	116545.361328
1625000.0	16003.5085869	451810.199801	0.121464548939	174343.493652	0.00337582969223	2.27148890495	155411.918209	116273.303223
1650000.0	16103.4922745	475531.97664	0.12195940657	174343.383789	0.003521652161	2.27119874954	155210.704498	115996.081543
1675000.0	16203.6248141	500274.265361	0.122464105201	174354.248047	0.00367204461327	2.27069616318	154998.561706	115712.927246
1700000.0	16303.9092028	526069.439239	0.122976733691	174369.067383	0.00382724601877	2.26996588707	154765.790046	115416.137695
1725000.0	16404.3515045	552951.783752	0.123494166398	174378.881836	0.0039875726543	2.26900887489	154503.240756	115098.547363
1750000.0	16504.9607139	580958.056308	0.124011894345	174372.680664	0.00415343220084	2.2678732872	154205.713239	114755.92041
1775000.0	16605.748573	610127.613129	0.124530505922	174349.560547	0.00432499018643	2.26664686203	153883.972622	114396.30127
1800000.0	16706.7196844	640497.511659	0.125057597164	174339.111328	0.00450161360277	2.26523971558	153559.119473	114036.901855
1825000.0	16807.8728607	672102.850282	0.125592922415	174340.893555	0.00468338794235	2.26361703873	153224.834681	113672.827148
1850000.0	16909.2086644	704979.931265	0.12613508082	174350.45166	0.00487051875098	2.26176023483	152873.355968	113298.132324
1875000.0	17010.7295327	739166.680382	0.126681871417	174362.084961	0.00506326796312	2.25966620445	152497.755772	112907.385254
1900000.0	17112.4402054	774702.722084	0.127235036618	174371.496582	0.0052618315749	2.25735259056	152097.012899	112499.87793
1925000.0	17214.3488308	811629.176585	0.127793676859	174372.119141	0.00546651699551	2.25491738319	151676.404877	112079.125977
1950000.0	17316.4654916	849990.060566	0.128352373643	174355.004883	0.00567779170524	2.2524971962	151242.823007	111649.560547
1975000.0	17418.7973734	889830.043607	0.128914423747	174339.660645	0.00589520004723	2.24997234344	150801.810276	111215.991211
2000000.0	17521.3439074	931190.404245	0.129481865579	174334.228516	0.00611856785326	2.24722623825	150348.807706	110775.744629
2025000.0	17624.1053097	974112.616289	0.130058494793	174338.183594	0.00634792968413	2.24421143532	149878.468504	110325.12207
2050000.0	17727.0843064	1018638.59225	0.130645100802	174348.779297	0.0065834437919	2.24095797539	149390.476743	109863.769531
2075000.0	17830.2852	1064811.90833	0.131238903075	174361.010742	0.00682540940034	2.23753118515	148884.734517	109390.979004
2100000.0	17933.7134778	1112678.48574	0.131836395662	174368.896484	0.00707419712853	2.23401331902	148363.733804	108908.032227
2125000.0	18037.3755991	1162287.12912	0.132433231524	174365.356445	0.00733026354283	2.23049998283	147831.155703	108416.918945
2150000.0	18141.2794262	1213689.38834	0.1330299177	174346.972656	0.00759386375648	2.22704339027	147292.730195	107922.070312
2175000.0	18245.4306451	1266935.40249	0.133633844317	174333.557129	0.00786428881838	2.22344994545	146746.338584	107423.059082
2200000.0	18349.8304523	1322071.51053	0.134246562014	174329.956055	0.00814142549643	2.21965312958	146188.725784	106917.810059
2225000.0	18454.4802372	1379144.90059	0.134866520118	174333.496094	0.00842547979119	2.21566128731	145618.132207	106404.968262
2250000.0	18559.3822086	1438204.38325	0.13549279104	174341.345215	0.00871667725733	2.21147561073	145032.154233	105882.727051
2275000.0	18664.540383	1499299.69395	0.136128333815	174351.916504	0.00901509793039	2.20706748962	144427.353619	105348.730469
2300000.0	18769.9603195	1562481.95778	0.136770491228	174360.864258	0.00932107650442	2.20252156258	143808.451176	104806.005859
2325000.0	18875.6478676	1627805.01876	0.137414945036	174362.939453	0.00963505408436	2.19795441628	143183.046015	104259.655762
2350000.0	18981.6088788	1695326.08403	0.138056175641	174352.111816	0.00995755726763	2.19350981712	142560.400519	103715.710449
2375000.0	19087.8483	1765104.86643	0.138696685588	174334.118652	0.0102884341686	2.18911767006	141938.819692	103173.461914
2400000.0	19194.3688269	1837195.42144	0.139348295921	174325.634766	0.0106267725641	2.18448805809	141302.497042	102622.644043
2425000.0	19301.1729388	1911649.96143	0.140009983584	174325.061035	0.0109727261588	2.1796541214	140652.617065	102063.751221
2450000.0	19408.2635487	1988522.17986	0.140679995259	174330.102539	0.0113265368782	2.17465758324	139991.080805	101497.912598
2475000.0	19515.6438721	2067867.51804	0.141356212192	174338.085938	0.0116884821182	2.1695523262	139320.107185	100926.2146
2500000.0	19623.3182999	2149743.01349	0.142041433809	174347.460938	0.0120586828416	2.16428947449	138632.893934	100343.664551
2525000.0	19731.2931465	2234206.60315	0.142734263582	174355.46875	0.0124373973449	2.15892219543	137933.173861	99752.8625488
2550000.0	19839.5740344	2321318.96885	0.143429098089	174357.824707	0.0128251049318	2.15358734131	137232.937342	99162.3657227
2575000.0	19948.165106	2411144.44577	0.144119112238	174349.621582	0.0132223694891	2.14843058586	136545.08925	98581.3598633
2600000.0	20057.0685393	2503750.72398	0.144803078634	174332.23877	0.013629309251	2.14344453812	135871.799138	98011.895752
2625000.0	20166.2868201	2599200.17623	0.145498978494	174321.911621	0.0140446536534	2.13818192482	135179.072973	97430.5541992
2650000.0	20275.8244	2697550.94727	0.146207888365	174318.87207	0.0144684181578	2.13263678551	134465.69908	96836.3098145
2675000.0	20385.6857805	2798862.07735	0.14692842365	174321.75293	0.0149007619257	2.12686395645	133735.825722	96231.9702148
2700000.0	20495.8753735	2903193.84988	0.14765891334	174328.833008	0.0153418968694	2.12092471123	132993.838436	95620.4162598
2725000.0	20606.3975339	3010608.25035	0.148397185965	174338.15918	0.0157920821948	2.1148891449	132244.648739	95004.8156738
2750000.0	20717.2562834	3121169.19272	0.149140565996	174347.363281	0.0162516244018	2.10882973671	131493.759668	94388.9343262
2775000.0	20828.4551609	3234942.98765	0.149885764164	174353.833008	0.016720900021	2.10282850266	130747.504684	93777.0568848
2800000.0	20939.9968796	3351998.75937	0.150628817162	174354.418945	0.017200349248	2.096971035	130012.728085	93173.9196777
2825000.0	21051.8831345	3472408.9454	0.151365026646	174345.788574	0.0176904904947	2.09134984016	129297.159753	92584.954834
2850000.0	21164.1142138	3596248.61834	0.1520949433	174330.725098	0.0181912510016	2.08593225479	128600.161998	92009.9487305
2875000.0	21276.6897198	3723587.68517	0.152827489873	174320.483398	0.0187017103599	2.08049941063	127906.96936	91438.8427734
2900000.0	21389.6118234	3854492.8902	0.153572817311	174315.771484	0.0192215975403	2.07482504845	127194.843627	90855.7373047
2925000.0	21502.8874506	3989029.43501	0.154333786317	174316.28418	0.019750885258	2.06885933876	126458.432571	90256.829834
2950000.0	21616.523473	4127263.40775	0.15510818474	174320.812988	0.0202897499548	2.06266617775	125703.663682	89646.2768555
2975000.0	21730.5258195	4269262.16738	0.15589325602	174328.00293	0.0208384244615	2.05631351471	124936.446345	89028.1616211
3000000.0	21844.8995823	4415094.90552	0.156686127611	174336.14502	0.0213971707126	2.04987645149	124163.239219	88406.8908691
3025000.0	21959.6486962	4564832.79839	0.1574832383	174343.432617	0.0219663124881	2.04343128204	123390.890279	87787.2436523
3050000.0	22074.7758647	4718549.58384	0.1582807593	174347.631836	0.0225462499657	2.03706097603	122626.308696	87173.9562988
3075000.0	22190.2823399	4876321.84582	0.159074295662	174346.362305	0.0231374160649	2.03085112572	121877.054034	86572.2961426
3100000.0	22306.167661	5038229.50094	0.159858913581	174336.999512	0.0237403419305	2.02489304543	121150.80291	85987.5488281
3125000.0	22422.4300082	5204353.74308	0.160638487494	174325.561523	0.0243544782279	2.019094944	120442.244896	85416.1804199
3150000.0	22539.0676461	5374769.5337	0.161418868306	174318.286133	0.0249791846727	2.01332950592	119742.302971	84851.9958496
3175000.0	22656.0823685	5549549.88113	0.162211284647	174315.197754	0.0256142247963	2.00737333298	119027.625897	84278.4606934
3200000.0	22773.4810892	5728766.50273	0.163017779077	174315.95459	0.0262595840468	2.00119519234	118294.638673	83693.0358887
3225000.0	22891.2702132	5912491.7845	0.163836032096	174319.799805	0.0269154115813	1.99484908581	117548.553609	83099.395752
3250000.0	23009.4551026	6100799.39084	0.164663575163	174325.78125	0.0275818820228	1.98839390278	116794.473343	82501.0070801
3275000.0	23128.039864	6293764.34201	0.165497470092	174332.8125	0.0282592427538	1.98189008236	116037.943863	81901.7578125
3300000.0	23247.0273321	6491463.4775	0.166334550441	174339.648438	0.028947750252	1.97539961338	115284.619563	81305.6152344
3325000.0	23366.4189362	6693975.75657	0.167171306204	174344.848633	0.0296477628581	1.9689873457	114540.377936	80716.6809082
3350000.0	23486.2145824	6901382.56472	0.168003844021	174346.789551	0.030359646189	1.96272003651	113811.132383	80139.0869141
3375000.0	23606.4124559	7113768.12087	0.168828105516	174343.688965	0.0310838368023	1.9566642046	113102.926489	79577.1118164
3400000.0	23727.0090826	7331220.05733	0.169640073636	174333.972168	0.0318207821692	1.95088112354	112421.264267	79034.588623
3425000.0	23848.0008381	7553824.49467	0.170451147503	174324.902344	0.0325693763443	1.94514584541	111748.24367	78499.3103027
3450000.0	23969.3910875	7781659.49235	0.171274490395	174319.519043	0.0333289608534	1.93922114372	111061.58642	77955.6884766
3475000.0	24091.1853748	8014801.94537	0.172108693247	174317.565918	0.0340995829902	1.93314087391	110364.172337	77405.6396484
3500000.0	24213.3882073	8253329.2067	0.172951817895	174318.554688	0.0348813373421	1.92694842815	109659.715871	76851.6357422
3525000.0	24336.0030653	8497319.53983	0.173801688166	174322.021484	0.0356743621523	1.92069005966	108952.147822	76296.3317871
3550000.0	24459.032239	8746852.15096	0.174655893697	174327.294922	0.0364787993021	1.9144128561	108245.645399	75742.5842285
3575000.0	24582.4767219	9002007.48235	0.175511662687	174333.654785	0.0372948634322	1.90816438198	107544.392754	75193.2556152
3600000.0	24706.3361949	9262867.54337	0.176366188048	174340.246582	0.0381227910111	1.90199315548	106852.760282	74651.4038086
3625000.0	24830.6089459	9529516.279	0.177216255257	174346.105957	0.0389628548874	1.89594781399	106175.090525	74120.0317383
3650000.0	24955.291696	9802039.61209	0.178058530058	174350.183105	0.0398154079448	1.8900769949	105515.809454	73602.2766113
3675000.0	25080.379986	10080525.8898	0.178892428187	174351.159668	0.0406807521358	1.88437521458	104874.136475	73097.668457
3700000.0	25205.873075	10365065.2178	0.179725132177	174347.53418	0.0415590911871	1.87870275974	104235.73606	72596.2585449
3725000.0	25331.7726093	10655749.2748	0.180555970489	174338.635254	0.0424505924457	1.87307524681	103601.992796	72098.9868164
3750000.0	25458.0798691	10952666.7418	0.181390525302	174330.725098	0.0433541208622	1.86739599705	102966.959228	71601.8920898
3775000.0	25584.7963726	11255899.5401	0.182229806326	174325.90332	0.044269276259	1.86165094376	102330.277391	71104.7424316
3800000.0	25711.922777	11565529.297	0.183072207367	174323.950195	0.0451961132057	1.8558729887	101694.814713	70609.4482422
3825000.0	25839.458807	11881638.1693	0.183915819841	174324.609375	0.0461347481178	1.85009670258	101063.525169	70117.9748535
3850000.0	25967.4030589	12204309.1161	0.184758501931	174327.490234	0.0470853010484	1.84435796738	100439.518715	69632.4401855
3875000.0	26095.7530138	12533626.1506	0.185597968889	174332.15332	0.0480478993268	1.83869421482	99826.0091628	69155.0048828
3900000.0	26224.5049238	12869674.29	0.186431822859	174338.098145	0.0490227794216	1.8331438303	99226.2055865	68687.8356934
3925000.0	26353.6544684	13212540.2241	0.187260728583	174344.53125	0.0500101232319	1.82768118382	98637.5587174	68229.2663574
3950000.0	26483.2004928	13562311.9622	0.18808937912	174350.292969	0.0510101308464	1.82220971584	98050.5921033	67772.833252
3975000.0	26613.1431421	13919078.6036	0.188916971649	174354.89502	0.0520229223184	1.81675076485	97466.8718619	67319.5251465
4000000.0	26743.4820843	14282930.3239	0.18974238525	174357.775879	0.053048672271	1.81133234501	96888.3977594	66870.5993652
4025000.0	26874.2164965	14653958.4818	0.190564220031	174358.300781	0.0540875917068	1.80598247051	96317.3168136	66427.4536133
4050000.0	27005.3448775	15032256.2041	0.19138099625	174355.810547	0.0551398843527	1.80073070526	95755.8253944	65991.4855957
4075000.0	27136.8652097	15417918.1093	0.192191117785	174349.42627	0.0562058266951	1.79560661316	95206.2402155	65564.2272949
4100000.0	27268.7747187	15811038.6948	0.192996404011	174342.126465	0.0572847748117	1.79057872295	94667.0246011	65144.7021484
4125000.0	27401.0703352	16211705.1609	0.193799243341	174337.683105	0.0583758519497	1.78560388088	94136.2629044	64731.7504883
4150000.0	27533.748126	16620002.7317	0.194597648184	174335.9375	0.0594791345065	1.78070282936	93615.6985305	64326.5625
4175000.0	27666.8042888	17036017.7486	0.195393337319	174335.974121	0.0605948371231	1.77580988407	93099.8001015	63925.6347656
4200000.0	27800.2366876	17459837.9687	0.196187190738	174337.414551	0.0617230689386	1.77090120316	92586.2912789	63527.4353027
4225000.0	27934.0434975	17891551.5261	0.196979194982	174340.039062	0.062863851781	1.76598978043	92075.8586821	63132.3181152
4250000.0	28068.2228868	18331246.728	0.197769264037	174343.725586	0.0640172802377	1.76109135151	91569.4619972	62740.8203125
4275000.0	28202.7731092	18779012.5867	0.198557048397	174348.217773	0.0651833979646	1.7562212944	91068.1070934	62353.5522461
4300000.0	28337.6921656	19234938.5334	0.199341962558	174353.198242	0.0663623141008	1.75139927864	90573.1017125	61971.2890625
4325000.0	28472.9779328	19699114.8185	0.200123558036	174358.410645	0.067554123234	1.74664366245	90085.6503195	61594.7570801
4350000.0	28608.6280743	20171632.4355	0.200900913501	174363.500977	0.0687589636073	1.74197483063	89607.2465935	61224.9023438
4375000.0	28744.6398963	20652583.4413	0.201673334611	174368.041992	0.0699769661878	1.73741340637	89139.3627813	60862.6464844
4400000.0	28881.0101099	21142061.2512	0.202438663697	174371.166992	0.0712084511179	1.73294639587	88681.1494984	60507.623291
4425000.0	29017.7349932	21640162.1483	0.203196021406	174371.887207	0.0724537821952	1.72854292393	88230.4386135	60158.6242676
4450000.0	29154.8111014	22146983.8308	0.203946214227	174369.65332	0.0737131485948	1.72421085835	87787.1595729	59815.4174805
4475000.0	29292.2358315	22662625.6067	0.204689899222	174363.94043	0.0749867322156	1.71995937824	87351.5994439	59478.0517578
4500000.0	29430.0071024	23187185.7689	0.205429810887	174357.324219	0.0762737618061	1.71575462818	86921.6221469	59145.0805664
4525000.0	29568.1231656	23720755.0233	0.206169030819	174352.67334	0.0775733788032	1.71156382561	86495.2645779	58815.1428223
4550000.0	29706.5826364	24263421.7617	0.206908016863	174349.951172	0.078885583207	1.70739614964	86072.9310282	58488.4155273
4575000.0	29845.384558	24815274.6895	0.207647056086	174349.169922	0.0802103386377	1.70326197147	85655.1812961	58165.1489258
4600000.0	29984.5280212	25376402.325	0.208386071956	174350.20752	0.081547688751	1.6991738081	85242.7523585	57845.7763672
4625000.0	30124.0118298	25946893.6684	0.209122630115	174352.587891	0.082897793618	1.69513070583	84836.0108985	57530.7250977
4650000.0	30263.8325246	26526839.8093	0.20985330446	174355.737305	0.0842609661049	1.69111776352	84434.4939335	57220.0256348
4675000.0	30403.986646	27116332.9792	0.210579375642	174359.448242	0.0856372062117	1.6871342659	84037.7966273	56913.3239746
4700000.0	30544.4715012	27715465.4937	0.211301695389	174363.574219	0.0870266012498	1.68318128586	83645.5929005	56610.3027344
4725000.0	30685.285173	28324330.1618	0.212021570645	174367.944336	0.0884291948751	1.67925965786	83257.621569	56310.7177734
4750000.0	30826.4265562	28943020.0187	0.212739871673	174372.338867	0.0898450089153	1.67537391186	82873.8402579	56014.4042969
4775000.0	30967.8952679	29571628.683	0.213457515822	174376.5625	0.091274130682	1.67152822018	82494.2114101	55721.2646484
4800000.0	31109.6915373	30210249.9986	0.214175402763	174380.371094	0.092716596555	1.66773068905	82118.8816451	55431.2255859
4825000.0	31251.8162395	30858978.3258	0.214894303131	174383.520508	0.0941725011216	1.66398918629	81748.0627675	55144.317627
4850000.0	31394.2699553	31517909.3621	0.215610021099	174385.327148	0.0956421281444	1.66031169891	81383.0340614	54861.6516113
4875000.0	31537.0499873	32187141.175	0.216318919066	174385.15625	0.097125855973	1.6567003727	81024.4285462	54583.8623047
4900000.0	31680.1537319	32866773.6063	0.217022027847	174382.60498	0.0986238010228	1.65315699577	80671.9471235	54310.6079102
4925000.0	31823.5792719	33556907.3992	0.217720160692	174377.319336	0.100136101537	1.6496796608	80325.2028989	54041.5893555
4950000.0	31967.3253634	34257641.6183	0.218416816772	174371.728516	0.101661811641	1.64623320103	79981.9808243	53775.3173828
4975000.0	32111.3919288	34969067.734	0.219115060817	174367.602539	0.103200291051	1.64279127121	79640.4970932	53510.5529785
5000000.0	32255.7797509	35691275.4189	0.219816285896	174364.978027	0.104751437902	1.63935208321	79300.394464	53246.9726562
5025000.0	32400.4905787	36424354.32	0.220521828081	174363.818359	0.106315215817	1.63591468334	78961.2779302	52984.2285156
5050000.0	32545.5269799	37168393.4698	0.221232567462	174364.074707	0.10789159569	1.63248097897	78623.1112507	52722.2290039
5075000.0	32690.8903838	37923483.1205	0.221942946911	174365.283203	0.109480868559	1.62906014919	78287.7235942	52462.5610352
5100000.0	32836.5796319	38689714.7821	0.22265175691	174367.211914	0.111083129013	1.62565529346	77955.4011625	52205.480957
5125000.0	32982.5941021	39467180.3047	0.223360279473	174369.763184	0.112698384328	1.62226617336	77625.6288211	51950.5310059
5150000.0	33128.933921	40255971.8549	0.224069519127	174372.827148	0.114326699986	1.6188942194	77297.8869504	51697.2229004
5175000.0	33275.6000696	41056181.6163	0.224780771565	174376.318359	0.115968010505	1.61553943157	76971.7427033	51445.1538086
5200000.0	33422.5943149	41867901.7159	0.225495074736	174380.053711	0.117622344987	1.61220216751	76646.7268755	51193.8781738
5225000.0	33569.9191456	42691224.2476	0.226213736963	174383.984375	0.119289681606	1.60888266563	76322.4587257	50943.0175781
5250000.0	33717.5778965	43526241.3553	0.226937805044	174387.878418	0.12097004219	1.60558187962	75998.5719303	50692.2119141
5275000.0	33865.5743141	44373045.2421	0.227666226638	174391.503906	0.12266349222	1.60230207443	75675.4684659	50441.7633057
5300000.0	34013.9100036	45231729.8314	0.228394488958	174394.421387	0.124370359117	1.59905147552	75354.6303772	50192.9168701
5325000.0	34162.5856205	46102390.261	0.229122794252	174396.386719	0.126090657432	1.59583055973	75036.1064138	49945.703125
5350000.0	34311.6019864	46985122.0449	0.229851199398	174397.180176	0.127824445372	1.59263968468	74719.8827769	49700.1190186
5375000.0	34460.9600794	47880020.7451	0.2305801182	174396.594238	0.1295718248	1.58947992325	74405.9373613	49456.1462402
5400000.0	34610.6612558	48787183.1697	0.23130964381	174394.335938	0.131332868477	1.58635282516	74094.3586396	49213.8427734
5425000.0	34760.7069981	49706706.2204	0.232040077509	174390.246582	0.133107692818	1.58325994015	73785.1662554	48973.223877
5450000.0	34911.0992372	50638686.5106	0.232773588761	174385.339355	0.134895657538	1.58018791676	73477.3438224	48733.5662842
5475000.0	35061.8412378	51583213.3116	0.233513650261	174381.665039	0.136695947731	1.57710945606	73169.1444697	48493.7408447
5500000.0	35212.9360943	52540373.9361	0.234258040042	174379.040527	0.138508592499	1.57403028011	72861.1981832	48254.208374
5525000.0	35364.3859807	53510256.997	0.235006084838	174377.331543	0.140333650052	1.57095074654	72553.6212007	48015.0787354
5550000.0	35516.1931135	54492950.4519	0.235758100717	174376.489258	0.142171105836	1.56787025928	72246.3459975	47776.3000488
5575000.0	35668.3599569	55488542.1186	0.236514491468	174376.477051	0.144020828884	1.56478893757	71939.2645628	47537.7685547
5600000.0	35820.8892308	56497119.1486	0.237275778196	174377.258301	0.145882790093	1.56170547009	71632.2518473	47299.395752
5625000.0	35973.7839224	57518768.056	0.238042278784	174378.686523	0.147756931256	1.55862021446	71325.2316243	47061.1053467
5650000.0	36127.0473746	58553575.5569	0.238814726683	174380.761719	0.149643223267	1.55553269386	71018.0437797	46822.769165
5675000.0	36280.6832717	59601627.4856	0.239593572731	174383.422852	0.151541520609	1.55244350433	70710.6043697	46584.2773438
5700000.0	36434.6955029	60663010.1602	0.240378011442	174386.352539	0.153452070663	1.54935562611	70403.0306762	46345.7214355
5725000.0	36589.0873821	61737811.0999	0.241167298521	174389.428711	0.155374902533	1.54627156258	70095.5946293	46107.3028564
5750000.0	36743.8620391	62826117.7387	0.241961032214	174392.529297	0.157310074428	1.54319250584	69788.5005742	45869.1864014
5775000.0	36899.0224006	63928017.3964	0.242758968119	174395.605469	0.159257440828	1.54011833668	69481.9267589	45631.5338135
5800000.0	37054.5712417	65043597.319	0.243560798218	174398.535156	0.161217030836	1.53705048561	69176.0433935	45394.4793701
5825000.0	37210.5111752	66172944.3563	0.244366319696	174401.220703	0.16318881535	1.5339897871	68871.0219032	45158.1542969
5850000.0	37366.8447236	67316145.6021	0.24517520924	174403.540039	0.165172823472	1.53093755245	68566.9987727	44922.65625
5875000.0	37523.5744044	68473287.8362	0.245987567326	174405.371094	0.16716895334	1.52789402008	68264.0718244	44688.067627
5900000.0	37680.7028066	69644458.1448	0.246803641979	174406.445312	0.169177481439	1.52485823631	67961.9382457	44454.1351318
5925000.0	37838.2328602	70829745.4856	0.247622985729	174406.481934	0.171198495082	1.52183270454	67660.6645994	44220.8953857
5950000.0	37996.1669988	72029238.4877	0.248444638415	174405.407715	0.173231965164	1.51882123947	67360.6492135	43988.6352539
5975000.0	38154.507153	73243026.1986	0.249267851045	174403.063965	0.175277891685	1.51582896709	67062.2702448	43757.6141357
6000000.0	38313.2546762	74471197.3248	0.250091601186	174399.34082	0.177336260094	1.51285946369	66765.9004826	43528.1188965
6025000.0	38472.4105886	75713840.0915	0.250916625802	174394.836426	0.179406721145	1.50990784168	66471.2032618	43299.9145508
6050000.0	38631.9768108	76971036.8994	0.251746038949	174391.210938	0.181488227099	1.50695490837	66176.8920082	43072.1343994
6075000.0	38791.9556368	78242865.8629	0.252579843229	174388.513184	0.183580690646	1.50400209427	65883.0247823	42844.8028564
6100000.0	38952.3499779	79529406.212	0.253419801588	174386.608887	0.185684271855	1.50104355812	65588.7827666	42617.276001
6125000.0	39113.163766	80830738.1692	0.254265920082	174385.302734	0.18779898528	1.49807810783	65294.0865016	42389.5111084
6150000.0	39274.4005236	82146940.7377	0.255117552373	174384.619141	0.18992475816	1.49510848522	64999.2443295	42161.7462158
6175000.0	39436.0633807	83478092.4955	0.255973940153	174384.545898	0.192061430425	1.49213647842	64704.563742	41934.2376709
6200000.0	39598.15496	84824271.4957	0.256834476911	174385.009766	0.194208929315	1.48916339874	64410.3080458	41707.220459
6225000.0	39760.6774558	86185555.0233	0.257698396641	174386.010742	0.196367152967	1.48619174957	64116.7998779	41480.9448242
6250000.0	39923.6325975	87562019.7292	0.258565007803	174387.524414	0.19853602862	1.48322379589	63824.3377719	41255.6518555
6275000.0	40087.0218092	88953741.9289	0.259434338056	174389.428711	0.200715556275	1.48025929928	63532.9107588	41031.350708
6300000.0	40250.8474864	90360798.7489	0.26030843507	174391.52832	0.202905910555	1.47729241848	63241.5783036	40807.2845459
6325000.0	40415.1127826	91783268.2521	0.261186978263	174393.701172	0.205107120564	1.47432374954	62950.4976119	40583.59375
6350000.0	40579.8204112	93221227.6885	0.262069179249	174395.983887	0.207319069887	1.47135686874	62660.0291831	40360.5224609
6375000.0	40744.9725361	94674754.1096	0.262954128802	174398.339844	0.209541685763	1.46839392185	62370.5875029	40138.4063721
6400000.0	40910.5707046	96143923.5917	0.263840942492	174400.756836	0.21177479357	1.46543824673	62082.5156735	39917.4804688
6425000.0	41076.6159134	97628811.3969	0.264728661743	174403.173828	0.214018393308	1.46249306202	61796.1796615	39698.0316162
6450000.0	41243.1085682	99129492.4567	0.265616369598	174405.59082	0.216272368561	1.45956254005	61511.9847056	39480.3344727
6475000.0	41410.0489356	100646042.253	0.266505055414	174407.8125	0.21853686485	1.45664346218	61229.4926131	39264.0686035
6500000.0	41577.4386897	102178537.108	0.267396161989	174409.606934	0.220812071348	1.4537307024	60948.0120043	39048.7243652
6525000.0	41745.2794085	103727053.713	0.268288545485	174410.949707	0.223097900744	1.45082807541	60667.9420538	38834.5825195
6550000.0	41913.5720786	105291667.959	0.26918148063	174411.743164	0.225394207519	1.44794034958	60389.6150709	38621.8658447
6575000.0	42082.3170621	106872455.325	0.270073736248	174411.962891	0.227700962569	1.44507133961	60113.3801739	38410.8062744
6600000.0	42251.5140229	108469490.352	0.270964224203	174411.499023	0.230018020375	1.44222545624	59839.6139599	38201.6784668
6625000.0	42421.1619298	110082847.216	0.271852234066	174410.27832	0.232345279073	1.43940627575	59568.6059273	37994.6624756
6650000.0	42591.259115	111712598.87	0.272736914243	174408.215332	0.23468278232	1.43661689758	59300.5469134	37789.8773193
6675000.0	42761.8047859	113358820.506	0.273620445233	174404.968262	0.237030850258	1.43385136127	59034.5592532	37586.6485596
6700000.0	42932.7991572	115021587.945	0.274504257616	174401.318359	0.239388959017	1.43110108376	58770.0760784	37384.5916748
6725000.0	43104.2430915	116700971.087	0.275389693477	174398.120117	0.241756628384	1.42835533619	58506.6016176	37183.4411621
6750000.0	43276.1373682	118397037.666	0.276276000931	174395.495605	0.244133567321	1.4256144762	58244.3855708	36983.4106445
6775000.0	43448.4821155	120109854.025	0.277162573738	174393.457031	0.246519630309	1.42287957668	57983.6484694	36784.6832275
6800000.0	43621.2771467	121839486.622	0.278048440297	174392.053223	0.248914788244	1.42015004158	57724.6955403	36587.5640869
6825000.0	43794.5216345	123586000.607	0.278932920165	174391.308594	0.251318910159	1.41742777824	57467.7467537	36392.2119141
6850000.0	43968.2149305	125349461.781	0.279817538031	174390.979004	0.253732170677	1.41470718384	57212.1705756	36198.1628418
6875000.0	44142.3576837	127129937.74	0.280702487035	174390.991211	0.256154773524	1.41198945045	56957.8343006	36005.2886963
6900000.0	44316.9501413	128927495.623	0.281587455403	174391.308594	0.258586602286	1.40927696228	56704.9531683	35813.7237549
6925000.0	44491.992173	130742200.984	0.282471724569	174391.943359	0.261027365923	1.40657365322	56453.7691649	35623.6175537
6950000.0	44667.4831997	132574118.294	0.283354692612	174392.944336	0.263476918917	1.40388309956	56204.5325208	35435.1196289
6975000.0	44843.4222486	134423311.259	0.284235685732	174394.250488	0.265935203061	1.40120899677	55957.5298695	35248.4344482
7000000.0	45019.8078577	136289843.032	0.285113801376	174395.874023	0.268401985522	1.39855587482	55712.9653656	35063.6444092
7025000.0	45196.6384036	138173775.944	0.285989968712	174397.65625	0.270877731964	1.39592349529	55470.5809962	34880.5541992
7050000.0	45373.9132629	140075176.078	0.286864435123	174399.438477	0.273362471489	1.39330887794	55230.0852736	34698.9654541
7075000.0	45551.6316102	141994108.92	0.287736626327	174401.245117	0.275856174994	1.39071273804	54991.6518975	34519.0155029
7100000.0	45729.7921003	143930638.265	0.288605935507	174403.100586	0.278358638752	1.38813328743	54755.3740318	34340.8081055
7125000.0	45908.3931785	145884827.879	0.289472002412	174405.004883	0.280869775452	1.38556993008	54521.3779738	34164.4836426
7150000.0	46087.432669	147856740.039	0.290333937356	174406.982422	0.283389323158	1.38302147388	54289.8155598	33990.1672363
7175000.0	46266.9081434	149846436.296	0.291190993145	174408.984375	0.285917252768	1.38048672676	54060.8353964	33818.0297852
7200000.0	46446.8169272	151853978.191	0.29204407471	174410.876465	0.288453884423	1.37796342373	53834.2462476	33647.9492188
7225000.0	46627.1571565	153879430.487	0.292893251569	174412.463379	0.290999450954	1.37545204163	53609.900049	33479.7943115
7250000.0	46807.9268601	155922857.267	0.293738062066	174413.793945	0.293553690426	1.37295520306	53387.9076739	33313.6169434
7275000.0	46989.1236405	157984321.851	0.294578118716	174414.855957	0.29611660284	1.37047672272	53168.3863689	33149.4537354
7300000.0	47170.7449409	160063886.45	0.295413173064	174415.612793	0.298687926261	1.36801958084	52951.4546002	32987.3596191
7325000.0	47352.7878367	162161612.154	0.296242575844	174416.088867	0.301267427858	1.36558651924	52737.2345906	32827.4017334
7350000.0	47535.2488899	164277558.228	0.297065707815	174416.210938	0.303855136735	1.36318290234	52525.8472866	32669.5831299
7375000.0	47718.1245595	166411784.711	0.297882975418	174415.83252	0.306451081997	1.36080515385	52317.1076118	32513.8153076
7400000.0	47901.4118472	168564354.515	0.298694265137	174414.770508	0.309055787511	1.35845303535	52110.9909342	32360.0952148
7425000.0	48085.1076294	170735329.514	0.299499442317	174413.061523	0.311668904033	1.35612654686	51907.5164164	32208.4106445
7450000.0	48269.2086501	172924772.255	0.300298264632	174410.681152	0.31429057708	1.35382461548	51706.7515287	32058.8562012
7475000.0	48453.711528	175132744.521	0.301090660269	174407.641602	0.316920632031	1.35154557228	51508.6609106	31911.4257812
7500000.0	48638.6129591	177359305.802	0.301877862333	174404.760742	0.319558545016	1.34928321838	51312.854765	31765.8538818
7525000.0	48823.9102317	179604513.172	0.302660302361	174402.392578	0.3222040541	1.34703314304	51119.2522645	31622.15271
7550000.0	49009.6005217	181868424.252	0.303437610688	174400.32959	0.324857828673	1.34479665756	50927.8009027	31480.291748
7575000.0	49195.6812906	184151098.965	0.304209720936	174398.510742	0.327519665007	1.34257364273	50738.4787402	31340.2404785
7600000.0	49382.1497563	186452596.111	0.304976633968	174397.021484	0.330189301167	1.34036529064	50551.3055466	31201.9714355
7625000.0	49569.0028782	188772972.17	0.305737906989	174395.861816	0.332866620738	1.3381717205	50366.307985	31065.4876709
7650000.0	49756.2374098	191112282.435	0.30649360557	174395.092773	0.335551099852	1.33599364758	50183.5088321	30930.7647705
7675000.0	49943.8497149	193470578.531	0.307243146059	174394.677734	0.338242709404	1.33383214474	50002.9692653	30797.8210449
7700000.0	50131.8359982	195847912.451	0.307986252208	174394.641113	0.340941129252	1.33168673515	49824.7003957	30666.6625977
7725000.0	50320.1923825	198244337.713	0.308722644806	174394.812012	0.343647116097	1.32955777645	49648.8069814	30537.4053955
7750000.0	50508.9149063	200659909.652	0.309452155922	174395.153809	0.346360669937	1.32744538784	49475.2163318	30410.0097656
7775000.0	50697.9999014	203094683.5	0.310175029865	174395.703125	0.349081645254	1.32534921169	49303.8896473	30284.463501
7800000.0	50887.4435835	205548714.099	0.310891379727	174396.484375	0.351810071152	1.3232704401	49134.8031711	30160.7269287
7825000.0	51077.2423464	208022056.306	0.311601346193	174397.485352	0.354545831215	1.32121002674	48967.9056446	30038.760376
7850000.0	51267.3926372	210514763.653	0.312304795728	174398.730469	0.357288867235	1.31916773319	48803.2221285	29918.6065674
7875000.0	51457.8907469	213026891.2	0.313001290943	174400.061035	0.360039644875	1.3171453476	48640.8291602	29800.2990723
7900000.0	51648.7329222	215558497.058	0.313690342014	174401.44043	0.362798251444	1.31514298916	48480.8079805	29683.9050293
7925000.0	51839.9151822	218109637.504	0.314372183391	174402.844238	0.36556442501	1.3131608963	48323.1056433	29569.354248
7950000.0	52031.4335334	220680368.557	0.31504667746	174404.321289	0.368338107364	1.31120014191	48167.7234855	29456.6070557
7975000.0	52223.2840177	223270744.892	0.315714043123	174405.834961	0.371118978364	1.30926144123	48014.6436187	29345.6237793
8000000.0	52415.4626039	225880818.571	0.316374266712	174407.421875	0.373906834284	1.30734467506	47863.819011	29236.3616943
8025000.0	52607.9652013	228510641.522	0.31702743245	174409.106445	0.376701646019	1.30545043945	47715.288955	29128.8452148
8050000.0	52800.7876839	231160266.14	0.31767305072	174410.644531	0.37950387923	1.30358171463	47569.0827956	29023.0804443
8075000.0	52993.9259983	233829747.863	0.318310988545	174412.060547	0.382313417504	1.3017373085	47425.2442262	28919.1253662
8100000.0	53187.3758226	236519140.625	0.31894104041	174413.354492	0.385130406357	1.29991364479	47283.7166932	28816.998291
8125000.0	53381.1327035	239228499.542	0.319562707769	174414.526367	0.387954642065	1.29810941219	47144.4823127	28716.696167
8150000.0	53575.1919322	241957877.486	0.320175877863	174415.649414	0.390786182834	1.29632246494	47007.5771109	28618.2830811
8175000.0	53769.5486992	244707327.973	0.320780070799	174416.674805	0.393624737626	1.2945510149	46872.9975813	28521.786499
8200000.0	53964.1978983	247476905.675	0.321375073001	174417.480469	0.396471063141	1.29279601574	46740.7592991	28427.2003174
8225000.0	54159.1345914	250266668.259	0.32196069524	174418.029785	0.399325042963	1.29105842113	46610.8735591	28334.5397949
8250000.0	54354.3537154	253076671.806	0.322536773179	174418.261719	0.4021867353	1.28934025764	46483.4031488	28243.8201904
8275000.0	54549.8499875	255906972.965	0.323102894111	174418.212891	0.405055820011	1.28764092922	46358.3359142	28155.0506592
8300000.0	54745.6179486	258757626.059	0.323659266899	174417.883301	0.407932384405	1.2859621048	46235.762201	28068.2769775
8325000.0	54941.6521344	261628686.102	0.324205705282	174417.211914	0.41081616655	1.28430378437	46115.6328864	27983.4686279
8350000.0	55137.9468969	264520205.777	0.324741143393	174416.223145	0.413707050029	1.28266775608	45998.1655414	27900.7843018
8375000.0	55334.4950084	267432240.411	0.325263268504	174414.746094	0.416605820647	1.28105521202	45883.6224385	27820.4589844
8400000.0	55531.2899443	270364848.467	0.325774119596	174412.768555	0.419512332883	1.2794649601	45771.7645532	27742.2851562
8425000.0	55728.3260819	273318087.197	0.326276095139	174410.253906	0.422426557634	1.27789545059	45662.1940901	27665.9118652
8450000.0	55925.5992504	276292010.642	0.32677144773	174407.849121	0.425347767305	1.27634263039	45554.4708412	27590.9881592
8475000.0	56123.1065422	279286670.4	0.327262740006	174405.737305	0.428275729064	1.27480483055	45448.204331	27517.1630859
8500000.0	56320.8462764	282302116.313	0.327751772517	174403.991699	0.431210326497	1.27328133583	45343.2435159	27444.3054199
8525000.0	56518.8171645	285338398.869	0.328237490863	174402.46582	0.434151850641	1.27177393436	45240.064785	27372.8759766
8550000.0	56717.0168745	288395569.952	0.328718029904	174401.147461	0.437100330601	1.2702832222	45138.7913458	27302.9724121
8575000.0	56915.4425349	291473681.833	0.329192691855	174400.024414	0.44005579548	1.2688087225	45039.1009978	27234.2681885
8600000.0	57114.0906016	294572786.482	0.329660383243	174399.157715	0.443018361693	1.26735067368	44940.8019204	27166.5588379
8625000.0	57312.9569243	297692934.828	0.33012023329	174398.498535	0.445987738203	1.26590895653	44843.6324857	27099.5666504
8650000.0	57512.0369524	300834180.071	0.330571180712	174398.095703	0.448964128736	1.26448249817	44747.3504295	27033.0627441
8675000.0	57711.3252225	303996573.16	0.331012363528	174397.86377	0.451947620604	1.26307308674	44651.9064979	26966.9677734
8700000.0	57910.8165389	307180170.278	0.331444222391	174397.705078	0.454938737676	1.26168143749	44557.4828902	26901.461792
8725000.0	58110.5060799	310385025.453	0.331867493664	174397.717285	0.457936839666	1.26030671597	44464.3174913	26836.8041992
8750000.0	58310.3893658	313611192.164	0.332283239126	174397.888184	0.460942217615	1.2589482069	44372.5895432	26773.1994629
8775000.0	58510.4625715	316858723.602	0.332692374504	174398.217773	0.463954609586	1.2576059103	44282.487024	26710.8428955
8800000.0	58710.7223389	320127670.777	0.333095772945	174398.779297	0.466973695438	1.25627934933	44194.255693	26649.9847412
8825000.0	58911.16562	323418084.103	0.333493998895	174399.487305	0.469999649795	1.25496900082	44107.9603322	26590.6829834
8850000.0	59111.7896826	326730017.137	0.333886373822	174400.292969	0.473033025628	1.25367689133	44023.4038131	26532.6965332
8875000.0	59312.5911106	330063523.587	0.33427194726	174401.135254	0.476073502796	1.25240206718	43940.5595292	26476.0131836
8900000.0	59513.5660783	333418656.897	0.334649947935	174402.099609	0.479120993987	1.25114309788	43859.450041	26420.6787109
8925000.0	59714.7100699	336795468.425	0.335019438346	174403.186035	0.482175382785	1.2498986721	43780.0265347	26366.6778564
8950000.0	59916.0180789	340194009.9	0.33537958155	174404.418945	0.48523634905	1.24866843224	43702.3196166	26314.0472412
8975000.0	60117.4843089	343614330.567	0.335729427777	174405.737305	0.488304300234	1.24745082855	43626.3282323	26262.8295898
9000000.0	60319.1027499	347056483.931	0.336068156156	174407.055664	0.491379527375	1.24624967575	43552.2948603	26213.1835938
9025000.0	60520.8673566	350520525.536	0.336396236742	174408.337402	0.494462263305	1.2450646162	43480.1662497	26165.0756836
9050000.0	60722.7724618	354006511.408	0.336714172785	174409.594727	0.49755256623	1.24389588833	43409.9205074	26118.4753418
9075000.0	60924.8126229	357514497.144	0.337022365285	174410.827637	0.500650203321	1.24274301529	43341.4787893	26073.3123779
9100000.0	61126.9826268	361044538.02	0.337321437274	174412.036133	0.503755174577	1.24160587788	43274.7617619	26029.5135498
9125000.0	61329.27755	364596688.257	0.337611691948	174413.208008	0.506867479999	1.24048483372	43209.7466249	25987.0422363
9150000.0	61531.6927646	368171002.438	0.337893626808	174414.208984	0.509992358275	1.23938047886	43146.3986004	25945.8648682
9175000.0	61734.2249254	371767555.808	0.338168125909	174415.307617	0.513119215611	1.23829054832	43084.5531019	25905.847168
9200000.0	61936.8684955	375386373.92	0.338435315691	174416.40625	0.51625323249	1.23721563816	43024.2175506	25866.9891357
9225000.0	62139.6204713	379027525.416	0.338695898887	174417.480469	0.519394350704	1.23615646362	42965.3356203	25829.2114258
9250000.0	62342.4778221	382691071.739	0.338950337031	174418.493652	0.522542512044	1.23511219025	42907.8359114	25792.46521
9275000.0	62545.4363748	386377049.454	0.339199095276	174419.482422	0.525697600096	1.23408293724	42851.6610498	25756.6894531
9300000.0	62748.492634	390085511.883	0.339440307225	174420.300293	0.52886037156	1.23307168484	42797.1311087	25722.1435547
9325000.0	62951.6422374	393816518.223	0.339673224676	174420.88623	0.532031233888	1.23207962513	42744.3557589	25688.9221191
9350000.0	63154.8810431	397570128.515	0.339897785217	174421.21582	0.535209896043	1.23110508919	42693.230274	25656.9488525
9375000.0	63358.2046927	401346402.163	0.340114534228	174421.313477	0.53839670727	1.23014819622	42643.7595592	25626.2359619
9400000.0	63561.609194	405145397.039	0.340323634542	174421.166992	0.541591085494	1.22920799255	42595.8288546	25596.6751099
9425000.0	63765.0904765	408967171.655	0.340525306244	174420.788574	0.544793263543	1.2282834053	42549.3821642	25568.2434082
9450000.0	63968.6446014	412811782.861	0.340719826913	174420.153809	0.54800324142	1.2273734808	42504.3473436	25540.8782959
9475000.0	64172.2678893	416679288.345	0.340907337877	174419.250488	0.551220728084	1.22647798061	42460.6760341	25514.5370483
9500000.0	64375.9565903	420569743.958	0.341088287158	174418.139648	0.554445548914	1.22559511662	42418.258853	25489.1586304
9525000.0	64579.7072645	424483205.459	0.341262958957	174416.748047	0.557677994948	1.2247248888	42377.0656775	25464.7003174
9550000.0	64783.5164778	428419728.611	0.341431500447	174415.063477	0.560917833354	1.22386598587	42337.0182225	25441.1239624
9575000.0	64987.3808744	432379366.951	0.341594310497	174413.244629	0.564164482057	1.22301733494	42298.0021341	25418.3303833
9600000.0	65191.2970357	436362172.449	0.341750342174	174411.59668	0.567418406717	1.22217905521	42260.2493364	25396.5454102
9625000.0	65395.2609215	440368203.809	0.341898434017	174410.009766	0.57068024762	1.22135472298	42224.0280832	25375.9597778
9650000.0	65599.2682208	444397518.758	0.342038788334	174408.532715	0.573949888349	1.22054255009	42189.2264613	25356.5170288
9675000.0	65803.3149221	448450175.377	0.342171832538	174407.189941	0.577227328904	1.21974337101	42155.7938558	25338.1393433
9700000.0	66007.3970545	452526231.895	0.342297828778	174405.969238	0.580512278248	1.21895647049	42123.666237	25320.7763672
9725000.0	66211.5108263	456625745.221	0.342417012957	174404.919434	0.583805027418	1.21818172932	42092.7399951	25304.3334961
9750000.0	66415.6526679	460748771.851	0.342529762364	174404.003906	0.587105401792	1.21741902828	42062.986908	25288.7817383
9775000.0	66619.8190754	464895369.485	0.342636316115	174403.259277	0.590413110331	1.21666800976	42034.3118152	25274.0341187
9800000.0	66824.006726	469065594.137	0.342736970647	174402.661133	0.593728560489	1.21592867374	42006.6556702	25260.0296021
9825000.0	67028.2124195	473259500.967	0.342832107815	174402.258301	0.597051170189	1.21520030499	41979.926711	25246.6995239
9850000.0	67232.4331769	477477146.77	0.34292180249	174402.026367	0.600381405093	1.21448302269	41954.0681612	25233.972168
9875000.0	67436.6660657	481718585.655	0.34300657905	174402.038574	0.603718683124	1.21377599239	41929.0074546	25221.8002319
9900000.0	67640.9082665	485983872.48	0.343086065335	174402.197266	0.607063469943	1.2130805254	41904.7699475	25210.1837158
9925000.0	67845.156571	490273066.352	0.343158822093	174402.404785	0.61041652225	1.2123978138	41881.5983972	25199.3423462
9950000.0	68049.4075121	494586229.482	0.34322514969	174402.685547	0.613777781837	1.21172833443	41859.521461	25189.2959595
9975000.0	68253.6576467	498923422.76	0.34328504065	174403.027344	0.617147132289	1.21107137203	41838.4838704	25180.0018311
10000000.0	68457.9036117	503284705.866	0.343338769273	174403.417969	0.620524748228	1.2104268074	41818.4953831	25171.4752197
10025000.0	68662.142219	507670139.997	0.343386554665	174403.90625	0.62391004758	1.20979464054	41799.5559675	25163.7008667
10050000.0	68866.3702298	512079783.371	0.343428616813	174404.467773	0.627303496003	1.20917463303	41781.6296956	25156.6574097
10075000.0	69070.5846723	516513696.332	0.343465064011	174405.151367	0.630704627838	1.20856642723	41764.706617	25150.3356934
10100000.0	69274.7825716	520971936.772	0.343496314643	174405.908203	0.634113617707	1.20796942711	41748.7751154	25144.7357178
10125000.0	69478.9609895	525454562.192	0.343522337735	174406.774902	0.63753023278	1.20738351345	41733.8185547	25139.8406982
10150000.0	69683.1171258	529961630.15	0.343543581127	174407.775879	0.640954240225	1.20680844784	41719.8118528	25135.6323242
10175000.0	69887.2483091	534493196.669	0.343560071187	174408.862305	0.644385931082	1.20624363422	41706.7327505	25132.1014404
10200000.0	70091.3518588	539049317.434	0.343571806546	174410.083008	0.647824839689	1.20568919182	41694.6018882	25129.2633057
10225000.0	70295.4247714	543630051.326	0.343577491588	174411.303711	0.651272071991	1.20514643192	41683.5584738	25127.2354126
10250000.0	70499.4638461	548235460.886	0.343577097569	174412.524414	0.654727569781	1.20461606979	41673.6294342	25126.0345459
10275000.0	70703.4658164	552865606.795	0.343571018535	174413.720703	0.658191391267	1.20409703255	41664.7223555	25125.5905151
10300000.0	70907.4277754	557520552.375	0.343559367654	174414.892578	0.66166347824	1.20358896255	41656.813266	25125.894165
10325000.0	71111.3468738	562200359.316	0.343542652553	174416.064453	0.665143947117	1.20309233665	41649.8535822	25126.8798828
10350000.0	71315.2204594	566905088.68	0.343521099791	174417.224121	0.668632274028	1.20260572433	41643.7985885	25128.5446167
10375000.0	71519.0460209	571634802.453	0.343495105017	174418.359375	0.672129099257	1.20212984085	41638.598826	25130.8197021
10400000.0	71722.8212771	576389561.777	0.343464895257	174419.482422	0.675634015352	1.20166397095	41634.214768	25133.682251
10425000.0	71926.5440679	581169427.674	0.343430810176	174420.581055	0.679146847688	1.201207757	41630.5890317	25137.0880127
10450000.0	72130.2124126	585974460.983	0.343393020768	174421.691895	0.682668061927	1.20076131821	41627.7012508	25141.0064697
10475000.0	72333.8244196	590804721.527	0.343351979198	174422.802734	0.686197075993	1.20032441616	41625.4898873	25145.3887939
10500000.0	72537.3783913	595660270.651	0.3433078283	174423.852539	0.689734180924	1.19989669323	41623.9305958	25150.213623
10525000.0	72740.8724504	600541168.967	0.343259306326	174424.87793	0.693279784173	1.19948077202	41623.1948554	25155.6121826
10550000.0	72944.3041065	605447483.211	0.343205799152	174425.769043	0.696834234986	1.19907689095	41623.3890343	25161.6790771
10575000.0	73147.6708867	610379277.967	0.343147536037	174426.574707	0.700397533365	1.19868421555	41624.433473	25168.3486938
10600000.0	73350.9705398	615336619.359	0.343085167296	174427.209473	0.703969446477	1.19830226898	41626.2741955	25175.5813599
10625000.0	73554.2009404	620319571.637	0.343018865733	174427.783203	0.707550090738	1.19793057442	41628.8686873	25183.3389282
10650000.0	73757.3602531	625328201.173	0.342949056541	174428.186035	0.71113940794	1.19756865501	41632.1738523	25191.583252
10675000.0	73960.4467823	630362571.747	0.342876052342	174428.479004	0.714737223461	1.19721543789	41636.1317631	25200.2822876
10700000.0	74163.4590118	635422747.05	0.342800221455	174428.637695	0.718343595508	1.19687080383	41640.692304	25209.3856812
10725000.0	74366.3956186	640508791.314	0.342722043724	174428.649902	0.721958465874	1.1965341568	41645.8075496	25218.8537598
10750000.0	74569.2555049	645620767.626	0.342641774302	174428.527832	0.72558154352	1.19620501995	41651.4522092	25228.6727905
10775000.0	74772.0377366	650758738.627	0.342559667952	174428.259277	0.729213003069	1.19588303566	41657.5441492	25238.7664795
10800000.0	74974.7415042	655922765.119	0.342476342552	174427.807617	0.732852786314	1.19556725025	41664.0612865	25249.130249
10825000.0	75177.3661415	661112909.982	0.342391045254	174427.185059	0.736500951461	1.19525909424	41671.1111812	25259.8358154
10850000.0	75379.9101877	666329239.121	0.342302242562	174426.281738	0.740157964174	1.19496107101	41678.8613156	25271.0144043
10875000.0	75582.372193	671571820.221	0.342210498378	174425.134277	0.743823999073	1.19467175007	41687.2527949	25282.6248169
10900000.0	75784.7507324	676840719.715	0.342116263953	174423.706055	0.747498997953	1.19439184666	41696.2532733	25294.6365356
10925000.0	75987.0447188	682136003.651	0.34201973867	174422.021484	0.751182902604	1.1941204071	41705.800185	25306.9976807
10950000.0	76189.2530605	687457738.426	0.341920814955	174420.373535	0.754875247367	1.19385707378	41715.9240073	25319.7525024
10975000.0	76391.3744538	692805987.362	0.34181946916	174418.835449	0.758575974032	1.19360148907	41726.6202717	25332.8903198
11000000.0	76593.4077839	698180814.197	0.341716123245	174417.456055	0.762285257224	1.19335353374	41737.8379026	25346.3745117
11025000.0	76795.3519978	703582281.299	0.341611031298	174416.210938	0.766002631281	1.19311237335	41749.5257534	25360.1745605
11050000.0	76997.2062443	709010451.231	0.341504363432	174415.087891	0.769728561863	1.19287836552	41761.6614848	25374.2614746
11075000.0	77198.9698364	714465388.386	0.341396344963	174414.135742	0.773462699726	1.19265043736	41774.1881557	25388.5925293
11100000.0	77400.6421839	719947153.183	0.341287506154	174413.317871	0.777205103077	1.1924289465	41787.091494	25403.1585693
11125000.0	77602.2228156	725455807.423	0.341177515607	174412.695312	0.780955480877	1.19221317768	41800.3502223	25417.9534912
11150000.0	77803.7106053	730991413.804	0.341064683832	174412.133789	0.784714706242	1.19200670719	41814.2742269	25433.2046509
11175000.0	78005.1040978	736554039.417	0.340948933388	174411.669922	0.788482720964	1.19180893898	41828.8298382	25448.8891602
11200000.0	78206.4019118	742143750.058	0.340830630343	174411.291504	0.792259292211	1.19161915779	41843.9829259	25464.9887085
11225000.0	78407.6027436	747760610.578	0.340710084531	174411.010742	0.796044827439	1.19143748283	41859.6653902	25481.4407349
11250000.0	78608.7055362	753404686.911	0.34058760502	174410.827637	0.799838802777	1.19126272202	41875.8315241	25498.2116699
11275000.0	78809.7093855	759076044.684	0.340463444799	174410.742188	0.80364162568	1.19109487534	41892.4265218	25515.2526855
11300000.0	79010.613532	764774748.322	0.340337856183	174410.766602	0.807453063317	1.19093298912	41909.4013429	25532.5286865
11325000.0	79211.4174175	770500863.283	0.340211256364	174410.888672	0.811272999272	1.19077670574	41926.7123458	25550.0091553
11350000.0	79412.1206154	776254454.495	0.340083923451	174411.096191	0.815101549961	1.19062530994	41944.2950175	25567.6361084
11375000.0	79612.7228455	782035585.603	0.339956052072	174411.413574	0.818938598968	1.1904784441	41962.1109696	25585.3897095
11400000.0	79813.2240533	787844321.786	0.339828111616	174411.816406	0.822784146294	1.19033551216	41980.1095189	25603.2196045
11425000.0	80013.6243419	793680725.487	0.339700239911	174412.341309	0.826638191938	1.1901961565	41998.2408716	25621.09375
11450000.0	80213.9236024	799544862.459	0.339571172287	174412.939453	0.830500910524	1.19006156921	42016.7073576	25639.1723633
11475000.0	80414.1209154	805436798.309	0.33944000505	174413.598633	0.834372360259	1.18993330002	42035.6312225	25657.5561523
11500000.0	80614.2153197	811356600.352	0.339307209812	174414.282227	0.838252832182	1.18981146812	42054.9875765	25676.2207031
11525000.0	80814.2061354	817304336.101	0.339172982504	174415.063477	0.842142384499	1.18969500065	42074.7112131	25695.1171875
11550000.0	81014.092791	823280072.108	0.339037737727	174415.869141	0.846040551551	1.18958353996	42094.7504565	25714.2120361
11575000.0	81213.8749474	829283875.843	0.338901834026	174416.699219	0.849947915412	1.1894774437	42115.0777358	25733.4655762
11600000.0	81413.5524369	835315813.345	0.338765519368	174417.614746	0.85386360297	1.18937587738	42135.6416611	25752.84729
11625000.0	81613.125209	841375950.499	0.338629095609	174418.54248	0.857788254507	1.1892786026	42156.38738	25772.3114014
11650000.0	81812.5934963	847464353.818	0.338492945589	174419.519043	0.861721578985	1.18918573856	42177.2877613	25791.8365479
11675000.0	82011.9575911	853581088.374	0.338357314438	174420.532227	0.865663576405	1.18909668922	42198.2918795	25811.3739014
11700000.0	82211.2179795	859726219.925	0.338222446505	174421.582031	0.869614188559	1.18901145458	42219.3640877	25830.9020996
11725000.0	82410.3752902	865899812.56	0.338088721625	174422.680664	0.873573473655	1.18893015385	42240.4712317	25850.3814697
11750000.0	82609.4302156	872101930.841	0.337955919368	174423.76709	0.87754096603	1.18885207176	42261.6112195	25869.8272705
11775000.0	82808.3829503	878332641.065	0.337822269073	174424.902344	0.881517829839	1.18878102303	42283.0844467	25889.4500732
11800000.0	83007.2330984	884592012.068	0.337687827252	174426.000977	0.885503483005	1.18871629238	42304.8740295	25909.2498779
11825000.0	83205.980426	890880110.719	0.337552840413	174427.124023	0.889498041943	1.18865740299	42326.9285073	25929.18396
11850000.0	83404.6248822	897197005.336	0.33741763572	174428.198242	0.893501797691	1.18860340118	42349.1797961	25949.2126465
11875000.0	83603.1665774	903542763.936	0.337282539295	174429.272461	0.897514401004	1.18855416775	42371.59876	25969.3054199
11900000.0	83801.6057956	909917453.608	0.337147767812	174430.334473	0.901535735466	1.18850874901	42394.1233197	25989.4226074
11925000.0	83999.9429093	916321140.76	0.337013699731	174431.347656	0.905566266738	1.18846726418	42416.7076621	26009.5184326
11950000.0	84198.1785512	922753893.31	0.336880495848	174432.385254	0.909605296329	1.18842840195	42439.3046326	26029.5715332
11975000.0	84396.3134366	929215777.832	0.336748532753	174433.349609	0.913653173484	1.1883919239	42461.8699632	26049.5422363
12000000.0	84594.348433	935706859.767	0.336618050794	174434.301758	0.917709839996	1.18835711479	42484.33575	26069.3847656
12025000.0	84792.2845772	942227205.486	0.336489316597	174435.229492	0.921775354072	1.1883238554	42506.679888	26089.074707
12050000.0	84990.1231338	948776881.952	0.336362676938	174436.108398	0.925849424675	1.18829083443	42528.8346923	26108.5784912
12075000.0	85187.8647498	955355938.629	0.336237129881	174436.938477	0.929929781705	1.1882597208	42550.9556994	26128.0090332
12100000.0	85385.5102057	961964456.512	0.33611167651	174437.695312	0.934021547437	1.1882327795	42573.2133722	26147.4914551
12125000.0	85583.0598272	968602506.703	0.335986532034	174438.354492	0.938122626394	1.18820881844	42595.5614538	26167.0013428
12150000.0	85780.5140301	975270156.92	0.335862018601	174438.916016	0.942232611123	1.18818843365	42617.9768497	26186.5020752
12175000.0	85977.8733992	981967476.499	0.335738296158	174439.404297	0.946351443417	1.18817079067	42640.4067428	26205.9631348
12200000.0	86175.1386337	988694532.947	0.335615685319	174439.770508	0.95047976356	1.18815636635	42662.8114562	26225.3387451
12225000.0	86372.3105759	995451395.656	0.335494344762	174440.039062	0.954616756644	1.18814396858	42685.1490378	26244.6044922
12250000.0	86569.3901605	1002238131.0	0.335374539993	174440.185547	0.958762830123	1.18813431263	42707.3945917	26263.7268066
12275000.0	86766.378526	1009054808.1	0.335256562587	174440.209961	0.962917983998	1.18812668324	42729.5063405	26282.6721191
12300000.0	86963.2769018	1015901495.58	0.335140462337	174440.124512	0.967081810813	1.1881210804	42751.4524292	26301.4129639
12325000.0	87160.0866287	1022778260.91	0.335026583319	174439.880371	0.97125483444	1.18811714649	42773.1938525	26319.9157715
12350000.0	87356.8091851	1029685171.93	0.334915108288	174439.51416	0.975436938461	1.18811452389	42794.6893935	26338.1500244
12375000.0	87553.4461542	1036622297.99	0.334806059247	174438.989258	0.979627599008	1.18811392784	42815.953751	26356.1065674
12400000.0	87749.9987286	1043589704.45	0.334698176235	174438.293457	0.983827630989	1.18811714649	42837.196017	26373.9562988
12425000.0	87946.4675949	1050587462.16	0.334591110078	174437.414551	0.988036510535	1.18812561035	42858.5163989	26391.7572021
12450000.0	88142.8534195	1057615641.14	0.334484912626	174436.376953	0.992255052552	1.18813812733	42879.8535541	26409.4787598
12475000.0	88339.1570091	1064674311.16	0.334379875521	174435.131836	0.996482558548	1.18815362453	42901.1428973	26427.0843506
12500000.0	88535.3792259	1071763541.01	0.33427618313	174433.666992	1.00071949419	1.18817210197	42922.3455175	26444.5465088
