z	T	P	nabla_ad	S	rho	delta	cp	cv
0.0	7356.27836548	761.075009774	0.214725805192	174368.945312	1.60977240427e-05	1.11163611461	32473.8061872	24568.7576294
25000.0	7574.48129766	877.772152967	0.195720351182	174393.90148	1.79776248471e-05	1.14293258082	36679.4928746	28310.2549703
50000.0	7774.16782477	1008.01545392	0.180919580198	174370.478276	2.00519809909e-05	1.174778526	40851.4083822	31995.0764465
75000.0	7959.08908773	1153.19922301	0.168859516815	174371.019612	2.23323127599e-05	1.20780240884	45098.347696	35721.2761627
100000.0	8131.85174539	1314.76284221	0.159065605907	174384.948286	2.48327111171e-05	1.24147326494	49368.7462742	39443.2334845
125000.0	8294.84281979	1494.29843759	0.151243608134	174363.641685	2.75711481037e-05	1.27438623821	53460.8522271	42982.8313248
150000.0	8449.72659161	1693.45908339	0.144592951097	174377.746964	3.05598262185e-05	1.3079666527	57595.2534732	46536.3996145
175000.0	8597.68414538	1914.06618672	0.139148178027	174378.961653	3.38191597546e-05	1.34087128347	61595.938271	49950.2561764
200000.0	8739.97424212	2158.02762944	0.134611555101	174358.745769	3.73693694727e-05	1.37280054877	65413.507611	53182.5912034
225000.0	8877.36192668	2427.3704672	0.130648182182	174382.58787	4.12221741184e-05	1.40545648763	69303.2804495	56457.1516628
250000.0	9010.43518627	2724.31640527	0.12736283339	174374.228727	4.54068249571e-05	1.43653713742	72955.4132538	59506.6578534
275000.0	9139.93973298	3051.15627088	0.124564231094	174354.453723	4.99436191395e-05	1.46670045089	76450.765361	62402.5436196
300000.0	9266.23965272	3410.38765721	0.122059077659	174380.265537	5.48443395719e-05	1.49748309122	80024.2205077	65348.7355476
325000.0	9389.66884217	3804.63053503	0.119953774998	174375.151516	6.01463727563e-05	1.5268373263	83369.4666928	68081.2571477
350000.0	9510.68109847	4236.7643284	0.118158327002	174351.835948	6.5873930935e-05	1.55483292414	86521.4051854	70634.1846667
375000.0	9629.50968187	4709.68989105	0.116526140224	174369.246725	7.20373278717e-05	1.58326047881	89748.9697568	73238.4094295
400000.0	9746.30682429	5226.52966774	0.115115950867	174381.087571	7.86736193986e-05	1.61083802399	92849.060385	75720.2657137
425000.0	9861.39999374	5790.68541619	0.113944134128	174351.633489	8.58243492965e-05	1.6365934649	95670.4245955	77952.5088203
450000.0	9974.94173311	6405.76446446	0.112873263586	174353.685168	9.34958147957e-05	1.66254522842	98531.4145392	80207.0291457
475000.0	10087.0108117	7075.38136904	0.111902085465	174395.130662	0.000101708792641	1.68882847769	101460.237449	82507.7598
500000.0	10197.7826915	7803.57552773	0.111106046445	174384.450009	0.000110535707029	1.71309220924	104080.46995	84536.9350762
525000.0	10307.3855064	8594.46831463	0.110391669787	174399.356129	0.00011997308498	1.7372048527	106706.827498	86563.4130826
550000.0	10415.913634	9452.352695	0.109779679158	174406.496128	0.000130070357615	1.76059951704	109226.090621	88490.3846109
575000.0	10523.4991694	10382.2001272	0.109282639844	174381.545259	0.000140881640753	1.78233241316	111509.360999	90212.9672051
600000.0	10630.2276661	11388.7382882	0.108831531665	174384.93381	0.000152405629623	1.80427645717	113835.239203	91962.2196152
625000.0	10736.1387047	12477.0126182	0.108435042891	174403.381214	0.000164683511327	1.82589662314	116134.968227	93682.8909522
650000.0	10841.303619	13652.4732685	0.108116732511	174397.701944	0.000177783693191	1.84616227239	118250.056907	95245.4278782
675000.0	10945.8171894	14920.987609	0.10785796916	174377.653176	0.000191745839949	1.86557126985	120238.429875	96696.3100137
700000.0	11049.7181275	16288.3950645	0.107638007623	174386.689412	0.000206569163994	1.88496432178	122248.823359	98159.2714016
725000.0	11153.0465459	17760.6760693	0.107469347244	174404.688525	0.000222308740151	1.90407290559	124225.951918	99588.3193602
750000.0	11255.8620503	19344.9499693	0.107360556873	174392.030476	0.000239057390054	1.92174497053	125998.532499	100845.899867
775000.0	11358.2362635	21047.5646948	0.107284992415	174374.762682	0.000256832008545	1.93884011633	127685.632062	102027.250483
800000.0	11460.1792771	22876.3280695	0.107226496578	174384.815371	0.000275641958157	1.95608585396	129417.640226	103240.860928
825000.0	11561.7093613	24838.0445447	0.107198916504	174402.58456	0.0002955491904	1.97277595096	131109.335441	104421.848228
850000.0	11662.8711226	26940.6881802	0.1072181928	174393.859154	0.000316658517914	1.9883910418	132650.695301	105478.705132
875000.0	11763.7220894	29192.8677254	0.107262170574	174372.951839	0.000339008260578	2.00313028005	134081.870725	106445.053332
900000.0	11864.2663037	31603.0134944	0.107311116233	174379.691875	0.000362579246685	2.01799171573	135565.671425	107452.154656
925000.0	11964.5071303	34179.7233034	0.107379290037	174398.236651	0.000387443712902	2.03250300623	137024.181389	108436.915278
950000.0	12064.4736306	36932.1254075	0.107482788757	174400.379977	0.000413711362814	2.04597663086	138340.033932	109305.526287
975000.0	12164.2207786	39870.4966726	0.107623914129	174374.569636	0.000441477893468	2.05870480517	139526.971026	110066.615165
1000000.0	12263.7706831	43005.2150285	0.107774729172	174373.660359	0.000470685618048	2.0716021436	140755.096165	110857.449296
1025000.0	12363.1229096	46345.5163309	0.107936588438	174390.301643	0.000501391283617	2.08422534521	141974.61323	111640.652143
1050000.0	12462.2869357	49903.2404962	0.108114744952	174403.969692	0.000533711505433	2.09599009041	143098.66625	112348.772778
1075000.0	12561.2933046	53689.1986631	0.108317078359	174385.199081	0.000567796193741	2.10653003131	144045.591554	112916.398309
1100000.0	12660.17799	57715.5731385	0.108535908835	174367.715809	0.000603619797316	2.11708226652	144984.437607	113473.718499
1125000.0	12758.9409796	61994.4256423	0.108762822374	174375.333531	0.000641164505179	2.12784293168	145969.618526	114065.342558
1150000.0	12857.5826609	66538.4725459	0.109001082884	174394.340816	0.000680531097174	2.13828799677	146931.174694	114637.823602
1175000.0	12956.1166649	71360.0654759	0.109254640791	174403.241811	0.000721859992704	2.14786684937	147786.403726	115127.837906
1200000.0	13054.5735718	76473.3904347	0.109527684056	174377.724722	0.000765333260637	2.1562799175	148471.426466	115484.928406
1225000.0	13152.9793347	81893.8826373	0.109814216579	174364.187912	0.000810845309282	2.16476576758	149171.822356	115851.541149
1250000.0	13251.3321559	87634.7902426	0.110109905945	174373.256517	0.000858401103905	2.17333984368	149905.853044	116243.615529
1275000.0	13349.632682	93710.2007527	0.110414731402	174391.962168	0.000908114708518	2.18161303859	150619.52109	116620.78382
1300000.0	13447.8903631	100135.327437	0.11072880733	174401.265679	0.000960154425274	2.18917947313	151250.073841	116935.908707
1325000.0	13546.1270997	106929.329676	0.111052610582	174377.767955	0.00101475706839	2.19577824379	151743.651032	117147.506313
1350000.0	13644.3629572	114106.006722	0.111384570974	174361.237531	0.00107176647791	2.20233840955	152245.444896	117366.208516
1375000.0	13742.5935928	121685.99802	0.111723431049	174366.965973	0.0011311832164	2.2089521693	152780.893998	117611.758019
1400000.0	13840.8172282	129682.379093	0.112070042423	174384.25433	0.0011931092266	2.21531653805	153303.449674	117848.580784
1425000.0	13939.0400573	138114.914912	0.112424976045	174397.918975	0.00125773474902	2.22112786369	153761.551025	118037.305588
1450000.0	14037.2784334	147003.952048	0.112788693432	174387.320824	0.00132529842451	2.22615790956	154107.642864	118141.266518
1475000.0	14135.5564768	156368.545871	0.113163909887	174362.525116	0.00139584164158	2.23089857722	154407.044564	118209.905611
1500000.0	14233.8792304	166228.775652	0.113546448979	174359.635949	0.00146917047064	2.23566735605	154735.361923	118302.113958
1525000.0	14332.2420949	176604.34418	0.113935861134	174372.026597	0.00154537339614	2.24026726589	155062.195096	118394.235725
1550000.0	14430.6462153	187515.909558	0.114331374262	174388.481454	0.00162463650638	2.24447368266	155350.02118	118458.334521
1575000.0	14529.0990018	198985.335476	0.11473190938	174394.440156	0.00170717132471	2.2481096565	155564.143819	118467.827488
1600000.0	14627.6175197	211035.992915	0.115142554007	174375.444454	0.00179325234936	2.25136347142	155709.674059	118425.869776
1625000.0	14726.220413	223691.843869	0.115560786058	174357.818547	0.00188271752165	2.25451463578	155846.762833	118378.303006
1650000.0	14824.9054092	236974.981389	0.115984858882	174358.54342	0.00197546138781	2.25753570313	155991.33803	118338.419469
1675000.0	14923.6699802	250911.558994	0.116413990862	174370.645177	0.00207164639846	2.26025522068	156116.588484	118286.27311
1700000.0	15022.5152147	265524.478989	0.116847158202	174384.370364	0.00217146164789	2.26251861049	156195.93747	118202.133819
1725000.0	15121.4480845	280835.969141	0.117289059946	174391.145032	0.0022750722848	2.26443738666	156233.287559	118088.078761
1750000.0	15220.4853872	296880.37589	0.117739064129	174375.767168	0.00238283771139	2.26612069238	156222.703638	117938.255407
1775000.0	15319.6419252	313679.185759	0.118193985124	174357.423012	0.00249460409282	2.26766241373	156194.352507	117776.025242
1800000.0	15418.9171637	331265.58764	0.118653293992	174354.805404	0.00261023088385	2.26900779427	156161.306865	117612.308834
1825000.0	15518.3068933	349658.609167	0.119116278038	174362.178959	0.00272983543002	2.27003226257	156104.068696	117432.843897
1850000.0	15617.8134138	368898.164594	0.119587581624	174375.986764	0.00285358287012	2.2707644284	156024.159354	117238.684424
1875000.0	15717.4415286	389003.230579	0.120067951259	174387.714817	0.00298164749403	2.2712494042	155917.731006	117026.308714
1900000.0	15817.2025013	410005.868706	0.12055356399	174384.188408	0.00311439488037	2.27151762776	155772.988127	116786.106312
1925000.0	15917.1121968	431945.43678	0.121040304673	174361.010681	0.00325210137267	2.27163951731	155591.733516	116519.034266
1950000.0	16017.1745666	454852.535744	0.121529735846	174348.836769	0.00339431976086	2.27154147156	155398.087621	116245.04056
1975000.0	16117.3861634	478756.094696	0.122027088346	174350.473526	0.00354102048387	2.27122086781	155195.186626	115966.610096
2000000.0	16217.7474684	503688.033678	0.122534097153	174362.313649	0.00369233450669	2.27068517014	154980.254823	115681.398172
2025000.0	16318.2619769	529681.521939	0.123048748202	174376.986378	0.00384851489061	2.26991762493	154742.856839	115381.110586
2050000.0	16418.9361659	556771.523723	0.123567639792	174385.283989	0.00400989067736	2.26892749851	154474.784856	115059.307336
2075000.0	16519.7795562	584995.355405	0.124086256946	174375.862249	0.00417688359113	2.2677701048	154171.452501	114712.219463
2100000.0	16620.8036872	614392.310315	0.12460707683	174353.433989	0.00434951354305	2.26651834777	153847.978609	114351.384646
2125000.0	16722.0115585	644998.386433	0.125136570054	174344.863879	0.00452720706406	2.26507502294	153521.114899	113990.616451
2150000.0	16823.4020313	676847.921445	0.125674205492	174348.077982	0.00471008730606	2.26341166841	153183.818668	113624.458185
2175000.0	16924.9770994	709986.193054	0.126218399342	174358.307361	0.00489840762825	2.26151375927	152827.99553	113246.543874
2200000.0	17026.7386659	744445.682513	0.126767140889	174369.785196	0.00509240828115	2.2593749688	152447.126612	112851.968735
2225000.0	17128.6913168	780261.445077	0.127322729769	174378.462767	0.00529225379759	2.25702804557	152042.047641	112441.32377
2250000.0	17230.8438137	817477.153793	0.127882968448	174376.918097	0.00549830436291	2.25457854561	151617.758662	112017.793786
2275000.0	17333.2083885	856150.479909	0.128442998828	174358.064427	0.00571102778765	2.25215068489	151181.519477	111586.132975
2300000.0	17435.7877283	896304.598051	0.129007152094	174344.341759	0.00592977127599	2.24958377232	150737.686181	111150.635277
2325000.0	17538.5838373	938000.657432	0.129576962551	174340.406333	0.00615454927855	2.24678793818	150280.74949	110707.628987
2350000.0	17641.5951783	981265.078026	0.130156659448	174345.704963	0.00638532664637	2.24372178432	149806.525378	110254.385184
2375000.0	17744.8264839	1026152.39224	0.130745967339	174356.926567	0.00662234694285	2.24042440195	149314.040219	109789.831558
2400000.0	17848.2803117	1072692.19718	0.131341979943	174368.900269	0.00686586404495	2.23696927558	148804.390803	109314.147743
2425000.0	17951.9653319	1120953.41846	0.131940929315	174375.309756	0.00711635972525	2.23343705427	148279.69731	108828.353561
2450000.0	18055.8846112	1170958.98534	0.132538955519	174369.322036	0.00737416946622	2.22991772047	147744.198681	108335.056321
2475000.0	18160.0490704	1222781.9726	0.133137619179	174350.059514	0.0076395268496	2.22644719675	147203.281104	107838.293911
2500000.0	18264.4628205	1276467.69703	0.133744564601	174338.49733	0.00791165067073	2.22280673127	146653.695624	107337.144614
2525000.0	18369.125353	1332051.23853	0.134360025521	174336.300332	0.00819051578805	2.21896501318	146092.512563	106829.428792
2550000.0	18474.0385594	1389582.35233	0.134982426189	174340.714962	0.00847635329619	2.2149303389	145518.069651	106313.913514
2575000.0	18579.207647	1449132.71951	0.135611681081	174349.272811	0.00876942852469	2.21069156751	144927.082872	105788.171598
2600000.0	18684.634799	1510734.27735	0.136250169342	174359.890826	0.00906979927462	2.20623781731	144317.537793	105250.873881
2625000.0	18790.3255636	1574437.89544	0.136894540236	174367.976625	0.00937781562997	2.20166649794	143695.365262	104705.86124
2650000.0	18896.2860117	1640299.59558	0.13754024335	174368.119356	0.0096939440995	2.19710012274	143068.178782	104158.139239
2675000.0	19002.5220652	1708378.68732	0.138181711237	174354.284201	0.0100187333382	2.192680409	142445.549517	103614.111297
2700000.0	19109.0384155	1778735.53339	0.138825722249	174338.003507	0.0103516715605	2.18823245745	141819.610762	103068.904054
2725000.0	19215.8376642	1851424.08886	0.139480821997	174331.160237	0.0106921116207	2.18354880119	141178.942997	102515.097947
2750000.0	19322.9223827	1926497.28736	0.140145746153	174331.834512	0.011040245428	2.17866673514	140525.08819	101953.507105
2775000.0	19430.2954911	2004009.15234	0.140818620954	174337.657302	0.0113963215968	2.17363253085	139859.911882	101385.082928
2800000.0	19537.9602743	2084015.084	0.141497772226	174345.961915	0.0117606088525	2.16848973275	139184.761691	100810.367402
2825000.0	19645.9214868	2166571.1875	0.142186443306	174355.375223	0.0121331953299	2.16318224474	138492.416939	100224.10596
2850000.0	19754.185269	2251734.15023	0.142881728186	174362.606491	0.0125144050159	2.15779789987	137789.981406	99631.3034165
2875000.0	19862.7566595	2339562.89911	0.143577658036	174363.292314	0.0129047268028	2.15247440197	137089.640237	99040.6981242
2900000.0	19971.6418732	2430144.2835	0.144267236768	174352.219722	0.0133048293658	2.14736083822	136404.46829	98461.6359937
2925000.0	20080.8420191	2523539.50833	0.144954327141	174335.628464	0.0137143967161	2.14232541436	135727.175599	97889.5105942
2950000.0	20190.3580989	2619790.8618	0.145654657621	174326.902378	0.0141323082509	2.13698546415	135028.031219	97303.7989316
2975000.0	20300.194011	2718951.06475	0.146367707211	174325.176867	0.014558653863	2.13137427322	134309.191264	96705.8753959
3000000.0	20410.3586883	2821119.93757	0.147092206865	174329.108234	0.0149937213433	2.12554548104	133574.618899	96098.3705237
3025000.0	20520.8541784	2926336.60612	0.147826225566	174336.856143	0.0154376723694	2.11956537864	132828.867211	95484.2224012
3050000.0	20631.6814171	3034632.45456	0.14856744604	174346.34835	0.0158906792108	2.11350409018	132077.085492	94866.8325346
3075000.0	20742.8514235	3146138.2679	0.149313199862	174355.223452	0.0163532705415	2.1074368481	131324.985873	94250.1084368
3100000.0	20854.3618263	3260867.47604	0.15005990448	174360.650226	0.0168256718892	2.1014462144	130578.959271	93638.3846042
3125000.0	20966.2163501	3378901.09308	0.150803500048	174359.510744	0.0173083747521	2.09562036707	129846.1432	93036.5976749
3150000.0	21078.4191714	3500340.39925	0.151539129534	174348.311915	0.0178019880489	2.09005188653	129134.374351	92450.3009377
3175000.0	21190.9652933	3625210.16376	0.152271009143	174334.122805	0.0183058929858	2.08462499133	128437.154917	91875.2021342
3200000.0	21303.8606798	3753642.41073	0.153007076042	174325.037069	0.018819581956	2.07914653169	127740.392072	91301.7641026
3225000.0	21417.102941	3885642.88222	0.153757911822	174321.587329	0.0193426135582	2.07338501861	127020.428556	90713.2848657
3250000.0	21530.7034235	4021319.5081	0.15452398579	174323.158333	0.0198751587343	2.06734418669	126277.372827	90109.8698638
3275000.0	21644.667713	4160727.98287	0.155302899215	174328.4671	0.0204173822434	2.06109198296	125517.289452	89495.7099641
3300000.0	21758.9972683	4303891.39631	0.156091845917	174336.034371	0.0209693944256	2.05469871931	124746.329834	88875.0374436
3325000.0	21873.7076078	4450990.69195	0.156887849044	174344.16744	0.0215317759269	2.04823731356	123970.95039	88252.3524306
3350000.0	21988.7915954	4601985.88838	0.157687202471	174350.878472	0.0221045780538	2.04178847742	123198.091669	87632.4289261
3375000.0	22104.2535472	4756971.07456	0.158485946988	174354.025479	0.0226882437995	2.03543397516	122434.845035	87020.1636894
3400000.0	22220.1025132	4916112.30237	0.159279400776	174350.979197	0.0232834886219	2.02926672857	121689.156794	86421.0694537
3425000.0	22336.3287233	5079395.52177	0.160063493456	174339.962407	0.0238904882574	2.02335614471	120967.187807	85839.39896
3450000.0	22452.9307734	5246905.45578	0.160844813901	174329.548416	0.0245083926623	2.01755684365	120259.632951	85268.8708654
3475000.0	22569.9101343	5418748.72776	0.161628720993	174323.245056	0.0251369049787	2.0117534988	119556.722175	84702.7000865
3500000.0	22687.2737403	5595037.18546	0.162426840201	174321.18316	0.0257758400369	2.00571993262	118835.12117	84124.4249013
3525000.0	22805.0233217	5775781.24103	0.163238447577	174322.811749	0.0264251310455	1.99947776055	118096.549358	83535.2144634
3550000.0	22923.1653689	5961057.88741	0.164061198371	174327.30724	0.0270849356047	1.99308370054	117346.199197	82938.6536386
3575000.0	23041.705264	6150945.24146	0.16489248445	174333.672886	0.0277554692615	1.98659591004	116589.301808	82338.3811478
3600000.0	23160.6471463	6345522.7133	0.16572936555	174340.775858	0.0284369889734	1.98007492574	115831.419804	81738.2907838
3625000.0	23279.9937915	6544871.28727	0.166568530928	174347.37747	0.0291297760015	1.97358474133	115078.322805	81142.3918482
3650000.0	23399.7472679	6749083.54091	0.167406340668	174351.893843	0.0298342223459	1.9671906632	114335.8823	80554.8163226
3675000.0	23519.9079235	6958253.58391	0.168238927309	174352.654111	0.0305507466632	1.96096011365	113610.242386	79979.8800788
3700000.0	23640.4712585	7172440.55269	0.169061843412	174347.831999	0.0312797525305	1.95496250072	112907.437723	79421.7859904
3725000.0	23761.4334062	7391733.81531	0.169873006866	174337.299558	0.0320214576449	1.9492233717	112230.453607	78882.7177354
3750000.0	23882.7922561	7616217.81396	0.170689212194	174329.251031	0.0327744935792	1.94342276772	111552.211353	78343.9903212
3775000.0	24004.5525783	7845969.46115	0.17151758975	174324.806121	0.0335385492845	1.93743673491	110860.648556	77797.1336656
3800000.0	24126.7195598	8081064.76352	0.172356315924	174323.689719	0.0343136967004	1.93130758338	110159.372767	77244.5383053
3825000.0	24249.2990811	8321603.24052	0.173203429995	174325.442365	0.0351000890919	1.92507767863	109452.067534	76688.6902245
3850000.0	24372.2948055	8567670.94403	0.17405667209	174329.48617	0.0358978671899	1.91879538491	108742.894961	76132.3953011
3875000.0	24495.7069565	8819325.83331	0.174913387763	174335.159249	0.0367071721983	1.91250811159	108036.009363	75578.4966076
3900000.0	24619.5358673	9076645.03218	0.175770944046	174341.67079	0.0375281965769	1.90626462813	107335.718892	75029.952207
3925000.0	24743.7803929	9339705.9945	0.176626294078	174348.165628	0.0383611817893	1.90011365191	106646.388447	74489.7983849
3950000.0	24868.4378846	9608586.83688	0.177476153924	174353.619615	0.0392064188889	1.89410263646	105972.348822	73961.0840357
3975000.0	24993.5041009	9883366.35389	0.17831725736	174356.966095	0.0400642258172	1.88827855483	105317.84043	73446.7872685
4000000.0	25118.9764175	10164152.0633	0.179152425366	174356.77222	0.0409349321097	1.8825773127	104676.249274	72942.4014445
4025000.0	25244.8625644	10451142.797	0.179986521388	174351.494573	0.0418189559909	1.87690340667	104037.669314	72441.051091
4050000.0	25371.1548627	10744295.3101	0.180819567454	174342.149684	0.0427159258856	1.8712591558	103402.870363	71943.2464835
4075000.0	25497.8539529	11043682.6166	0.181657475259	174335.144179	0.043624599104	1.86554508448	102765.761632	71444.9332832
4100000.0	25624.9605587	11349376.3194	0.182499637188	174331.146675	0.0445448655853	1.8597752378	102127.84748	70947.1250385
4125000.0	25752.4896157	11661686.8168	0.183344423507	174330.073054	0.0454771960019	1.85398220744	101492.122906	70451.8500761
4150000.0	25880.4250604	11980456.2008	0.184189704674	174331.422523	0.04642127578	1.84820256459	100861.551375	69961.0596067
4175000.0	26008.7641076	12305747.4727	0.185033422869	174334.898205	0.0473771838628	1.84247166823	100239.186763	69476.8089018
4200000.0	26137.5173473	12637866.2776	0.185873024942	174340.013692	0.0483454985912	1.83682970146	99628.5684678	69001.5266124
4225000.0	26266.6709836	12976742.3156	0.186706419395	174346.256021	0.049326127427	1.83130824775	99032.3365075	68537.0066662
4250000.0	26396.2154544	13322357.0711	0.187536987798	174352.539369	0.0503191050981	1.82583123453	98442.9955375	68078.1614689
4275000.0	26526.1705207	13675149.4845	0.188367194015	174357.975875	0.0513252228801	1.82034898663	97855.6675277	67621.7014252
4300000.0	26656.5161348	14034858.5303	0.18919593361	174362.117625	0.0523439679604	1.81488846021	97272.194178	67168.7201209
4325000.0	26787.2602858	14401723.6322	0.190022105144	174364.349794	0.0533758127057	1.8094774314	96694.6714672	66720.5838892
4350000.0	26918.4043879	14775883.8445	0.190844133897	174363.963807	0.0544210516151	1.80414583791	96125.3665861	66278.7665542
4375000.0	27049.9359825	15157232.3737	0.191660673342	174360.336947	0.0554795438753	1.79891977418	95566.2512905	65844.5271768
4400000.0	27181.8707368	15546204.5427	0.192470354084	174352.959366	0.05655208017	1.79382838671	95019.6795211	65419.420704
4425000.0	27314.1829608	15942455.2854	0.193276598906	174346.511997	0.0576368251077	1.78880518482	94481.910739	65001.0419114
4450000.0	27446.8954432	16346582.7311	0.194079677246	174343.035947	0.0587341840417	1.78384593226	93953.645417	64589.976772
4475000.0	27579.9766492	16758126.4437	0.194878569925	174341.961786	0.0598434281975	1.77894756896	93434.418974	64185.934071
4500000.0	27713.4502531	17177719.9029	0.195675174375	174342.499	0.0609656238617	1.77403743009	92918.2327684	63785.1158967
4525000.0	27847.2896184	17604942.8845	0.196470077457	174344.336522	0.0621000174273	1.76911623716	92404.6139144	63387.0866398
4550000.0	27981.5131198	18040307.9094	0.197263078859	174347.353207	0.0632473623629	1.76419808994	91894.4999749	62992.4163745
4575000.0	28116.1046541	18483599.1133	0.198054004221	174351.299374	0.0644072062495	1.75929761797	91388.7067829	62601.5235962
4600000.0	28251.0682004	18935031.1633	0.198842539171	174355.990014	0.0655798468191	1.75443291888	90888.4566031	62215.1651518
4625000.0	28386.4055627	19394779.5557	0.19962789359	174361.106772	0.0667655095496	1.74962312872	90395.0454655	61834.1216739
4650000.0	28522.1005748	19862619.6531	0.200409774999	174366.334628	0.0679638022174	1.74488466482	89909.5328944	61459.0208215
4675000.0	28658.1731551	20339157.7017	0.201186963047	174371.314002	0.0691756697428	1.74024453837	89433.9404581	61091.1575093
4700000.0	28794.6015495	20824051.5799	0.201958661465	174375.516751	0.0704006125562	1.73571263186	88968.9129996	60730.9440661
4725000.0	28931.3826412	21317397.9474	0.202722782711	174377.875994	0.0716390288213	1.73125709994	88512.3504028	60377.3012428
4750000.0	29068.5310923	21819744.0746	0.203478918271	174377.538126	0.0728919028707	1.72687105846	88063.5266413	60029.7952878
4775000.0	29206.0243578	22330712.1746	0.204228260535	174374.127936	0.0741586291497	1.72255735305	87622.1074406	59688.0211927
4800000.0	29343.8607448	22850413.0051	0.204971496748	174367.512685	0.0754393402534	1.71832091382	87188.0539597	59351.8050718
4825000.0	29482.0563532	23379411.557	0.205712695832	174361.604517	0.07673350162	1.71411287774	86758.6008175	59019.3321431
4850000.0	29620.5939073	23917391.0661	0.206453340418	174357.67235	0.0780401764003	1.70992156492	86332.8778724	58689.9424796
4875000.0	29759.4711492	24464408.6467	0.207193812916	174355.650014	0.0793592741937	1.70575701468	85911.3415365	58363.8124826
4900000.0	29898.6909035	25020653.4967	0.207934300642	174355.494423	0.0806909710642	1.7016307064	85494.6861842	58041.3315966
4925000.0	30038.2625666	25586496.3396	0.208674574773	174357.147202	0.0820356642229	1.69755396218	85083.6710268	57722.9616424
4950000.0	30178.1710601	26161672.2017	0.209410227661	174359.847287	0.0833931797896	1.69351509438	84678.1972606	57409.0000073
4975000.0	30318.4132027	26746283.8461	0.210140574953	174363.187032	0.0847636809869	1.68950546362	84277.7460723	57099.2305906
5000000.0	30458.9863261	27340434.6314	0.210866601807	174367.067964	0.0861472436861	1.68552514334	83881.934002	56793.2991919
5025000.0	30599.8953881	27944433.017	0.211589368041	174371.318001	0.0875441728438	1.68157595129	83490.6233993	56491.0412485
5050000.0	30741.1375142	28558340.1731	0.212309910266	174375.721613	0.0889545260006	1.67766018086	83103.5756993	56192.2088482
5075000.0	30882.7063777	29182085.7292	0.213029428668	174380.092067	0.0903780903746	1.67378192128	82720.6390992	55896.5459951
5100000.0	31024.6022339	29815773.0504	0.213748623082	174384.211922	0.0918149494804	1.66994656388	82341.8919119	55604.0125553
5125000.0	31166.8259027	30459505.5704	0.214468335519	174387.794995	0.0932651839547	1.66616207859	81967.53901	55314.6141476
5150000.0	31309.3787291	31113387.1197	0.215188351454	174390.568522	0.0947289340688	1.66243679298	81598.0089196	55028.5871625
5175000.0	31452.2602748	31777522.9515	0.215902899335	174391.651828	0.0962065823835	1.65877757847	81234.7834268	54747.2800844
5200000.0	31595.4719286	32452150.321	0.216610837501	174390.613153	0.097698601252	1.65518587245	80877.9511121	54470.7965658
5225000.0	31739.0101385	33137337.3895	0.217313297308	174387.020964	0.0992050125771	1.65166135078	80527.0759404	54198.7200814
5250000.0	31882.8700937	33833082.8093	0.218011749429	174381.142315	0.100725648347	1.64819602479	80181.4401117	53930.5174984
5275000.0	32027.0512071	34539488.4534	0.218710364671	174376.109679	0.102259319069	1.64474515077	79838.3083393	53664.3804611
5300000.0	32171.5539379	35256649.8928	0.219411199038	174372.587764	0.103805697265	1.64129786008	79496.7518963	53399.6055987
5325000.0	32316.3796253	35984661.2383	0.220115591033	174370.533303	0.105364786353	1.63785274033	79156.3935306	53135.8615784
5350000.0	32461.5304892	36723615.7418	0.22082481139	174369.97298	0.106936511949	1.63440971034	78816.9490816	52872.8631204
5375000.0	32607.0090474	37473605.9264	0.22153748041	174370.638365	0.108520981588	1.63097354902	78479.05719	52611.1274879
5400000.0	32752.8154441	38234724.8348	0.222248588037	174372.141454	0.11011846428	1.62755245741	78144.3488372	52352.0876158
5425000.0	32898.9486742	39007065.8023	0.222958684704	174374.327322	0.111729005368	1.62414723981	77812.4625993	52095.4243801
5450000.0	33045.4084289	39790721.2079	0.223668860147	174377.103525	0.113352598738	1.62075849398	77482.9140112	51840.6864585
5475000.0	33192.1951535	40585782.4891	0.224380357563	174380.359992	0.114989245655	1.61738700101	77155.2123428	51587.4117147
5500000.0	33339.3101114	41392340.1309	0.225094329367	174383.967811	0.116638958137	1.61403279038	76828.9182719	51335.1994187
5525000.0	33486.7553217	42210483.5589	0.225811956545	174387.821653	0.118301736162	1.61069653108	76503.5842577	51083.6113347
5550000.0	33634.533545	43040300.6889	0.226534403582	174391.726399	0.119977544526	1.60737798297	76178.8172278	50832.2730989
5575000.0	33782.6482387	43881878.1481	0.22726247091	174395.598535	0.12166637494	1.60407758146	75854.3859321	50580.9333848
5600000.0	33931.1022544	44735302.001	0.227992475662	174398.979746	0.123368486386	1.60080353736	75531.5555645	50330.6203054
5625000.0	34079.8962612	45600658.5288	0.228722260648	174401.518202	0.125084071181	1.59755859098	75211.0125809	50081.9418441
5650000.0	34229.0329852	46478114.0413	0.22945221919	174403.012046	0.126813169481	1.59434378016	74892.8098316	49834.9152807
5675000.0	34378.5185241	47367948.7755	0.230182524369	174403.221396	0.128556116184	1.59115952482	74576.9027468	49589.5169763
5700000.0	34528.3472212	48270017.2228	0.230913380798	174401.957511	0.130312690504	1.58800756321	74263.3387592	49345.7611157
5725000.0	34678.5200815	49184403.03	0.231644942634	174398.929814	0.132082976178	1.5848886229	73952.1254804	49103.6664117
5750000.0	34829.0383448	50111188.4105	0.232377914454	174394.217154	0.133866909981	1.58180179419	73643.1034662	48863.1176065
5775000.0	34979.9039952	51050450.3105	0.233116010458	174389.827832	0.135663483881	1.57872070187	73334.4867288	48622.9000041
5800000.0	35131.1199782	52002257.9995	0.233859881519	174386.608337	0.137472298319	1.57563515621	73025.6718774	48382.6319924
5825000.0	35282.6883109	52966678.5859	0.234607433109	174384.350185	0.139293537872	1.57254975357	72717.2649381	48142.7930553
5850000.0	35434.6242584	53944271.6044	0.235358869049	174383.023065	0.141127528473	1.56946364321	72409.1860709	47903.3226361
5875000.0	35586.9220326	54934834.3828	0.236114579184	174382.566536	0.142973970326	1.56637647399	72101.3736335	47664.1714704
5900000.0	35739.5788317	55938261.2317	0.236874838347	174382.904647	0.144832602261	1.56328797925	71793.6990887	47425.2260827
5925000.0	35892.5967303	56954611.2616	0.237640129154	174383.966731	0.146703350299	1.56019732696	71486.0446382	47186.3998434
5950000.0	36045.9779955	57983940.5573	0.238410944444	174385.68609	0.148586164791	1.55710451686	71178.2975625	46947.5922459
5975000.0	36199.7398049	59026822.5151	0.239188008522	174388.054557	0.150481319554	1.55400988707	70870.3563294	46708.6849657
6000000.0	36353.8834505	60083249.3677	0.2399715005	174390.853612	0.15238881363	1.55091437641	70562.1607314	46469.6258626
6025000.0	36508.4004993	61152881.1455	0.240760016106	174393.857878	0.154308482713	1.54782199725	70253.9799706	46230.6074175
6050000.0	36663.2930251	62235766.0236	0.241553101026	174396.970711	0.156240251406	1.54473350344	69946.0227374	45991.805252
6075000.0	36818.5734423	63332322.2753	0.242350578856	174400.072933	0.158184393569	1.54164986119	69638.4819363	45753.3758177
6100000.0	36974.2564822	64443054.3639	0.24315227296	174403.088381	0.160141245294	1.53857228424	69331.580262	45515.4995551
6125000.0	37130.3220891	65567248.5157	0.243957662493	174405.913369	0.162110075503	1.53550129973	69025.4339765	45278.2670556
6150000.0	37286.7714031	66704941.7186	0.244766557358	174408.451805	0.164090816435	1.53243779653	68720.1916038	45041.7945328
6175000.0	37443.630429	67857045.9858	0.245579058618	174410.579309	0.166084148591	1.52938291601	68416.0290415	44806.2211664
6200000.0	37600.8918594	69023303.9055	0.246395124016	174412.08662	0.168089935296	1.52633659335	68112.8561551	44571.4771335
6225000.0	37758.5426868	70203246.9117	0.247214740571	174412.706514	0.17010778178	1.52329840017	67810.4145929	44337.3241543
6250000.0	37916.5977261	71397388.2306	0.248037168694	174412.23956	0.172138152454	1.52027239414	67509.0180008	44103.9911054
6275000.0	38075.0769289	72606440.7521	0.248861612183	174410.548618	0.17418154755	1.51726342194	67209.1398592	43871.836295
6300000.0	38233.9494523	73829350.9398	0.249687067344	174407.583703	0.176236980167	1.51427487173	66911.0257355	43641.0155619
6325000.0	38393.2272199	75066585.7143	0.250512907761	174403.287212	0.17830470876	1.51130989233	66614.9650337	43411.739503
6350000.0	38552.9369447	76319130.9159	0.251342082614	174399.199727	0.180384547168	1.50835155504	66319.8597875	43183.283672
6375000.0	38713.0415222	77585673.8582	0.252175438494	174396.004117	0.18247493318	1.50539243618	66025.1389521	42955.2372955
6400000.0	38873.5640561	78867024.4429	0.253013910793	174393.693557	0.184576463119	1.50243157059	65730.5626347	42727.4047928
6425000.0	39034.5193444	80163656.9537	0.253859012943	174392.072706	0.186689540164	1.49946317869	65435.4440987	42499.2582633
6450000.0	39195.8752814	81474388.8963	0.254709698649	174391.063458	0.188813124191	1.49648960354	65140.0228736	42270.9772752
6475000.0	39357.678775	82800829.3823	0.255565818551	174390.667896	0.190948305302	1.49351204245	64844.6152285	42042.8533319
6500000.0	39519.9046166	84142071.5108	0.256426264931	174390.867195	0.193094190829	1.4905330978	64549.5115919	41815.1027434
6525000.0	39682.5475324	85497924.3651	0.257290411633	174391.586625	0.19525052828	1.48755450155	64254.9646438	41587.9325069
6550000.0	39845.6527046	86869980.1898	0.258157753087	174392.863256	0.197418284761	1.4845784738	63961.388041	41361.7031583
6575000.0	40009.1638068	88256285.3543	0.259027471385	174394.573918	0.199596021277	1.48160657036	63668.8742635	41136.4628262
6600000.0	40173.1367511	89658818.0155	0.259901177323	174396.580328	0.201785153576	1.47863477525	63376.931217	40911.862007
6625000.0	40337.5358138	91076295.3926	0.260779597076	174398.713574	0.203984799751	1.47566066973	63085.0754131	40687.4830366
6650000.0	40502.3777995	92509282.535	0.261662090569	174400.944124	0.206195297751	1.47268636622	62793.6585515	40463.6133806
6675000.0	40667.6751589	93958207.5849	0.262547782984	174403.281895	0.20841675502	1.46971464459	62503.0856906	40240.5607782
6700000.0	40833.3988079	95422063.1049	0.263435686273	174405.656381	0.210648346421	1.46674897111	62213.6719008	40018.5320363
6725000.0	40999.6004772	96902695.5234	0.264325094315	174408.100638	0.212891177765	1.46379267623	61925.9403681	39797.9535232
6750000.0	41166.2140023	98397828.1584	0.265214908637	174410.527017	0.21514357021	1.46084820091	61639.9972158	39578.8556214
6775000.0	41333.3210174	99910410.8822	0.266104903736	174412.872075	0.217407422261	1.45791920742	61356.3092349	39361.6183669
6800000.0	41500.8338064	101437380.651	0.266996893615	174414.916396	0.219680935803	1.4549958652	61073.6453481	39145.3046681
6825000.0	41668.8437896	102981992.558	0.26789079174	174416.453106	0.221966282844	1.45208278171	60792.37096	38930.192398
6850000.0	41837.2632632	104541160.795	0.268785541024	174417.544583	0.224261138167	1.44918089046	60512.5183001	38716.2644998
6875000.0	42006.1801671	106118071.446	0.269680172307	174418.040944	0.22656750615	1.44629741592	60234.7795857	38504.0406153
6900000.0	42175.5061739	107709642.67	0.270573694454	174417.946227	0.228883187757	1.44343316402	59959.1263237	38293.452614
6925000.0	42345.3324376	109319252.6	0.271464897322	174417.080672	0.231210183299	1.44059674797	59686.3849137	38085.1055609
6950000.0	42515.5633091	110943562.573	0.272353018075	174415.526696	0.233546371989	1.43778633992	59416.3255143	37878.8169364
6975000.0	42686.2924619	112586114.178	0.273239024863	174412.781175	0.235894147293	1.43500541464	59148.9572575	37674.5468382
7000000.0	42857.4307998	114243721.515	0.274124368522	174409.156184	0.238251457512	1.43224337193	58883.2592187	37471.5437652
7025000.0	43029.0539263	115919219.07	0.275011118977	174405.747578	0.24061920767	1.42949028121	58618.8295231	37269.607397
7050000.0	43201.1040372	117610511.581	0.275899000994	174402.838101	0.242995828674	1.4267415477	58355.4661238	37068.6240418
7075000.0	43373.6197594	119319079.126	0.276787380288	174400.515632	0.245381975987	1.42399833985	58093.5404634	36868.9184098
7100000.0	43546.5857999	121044420.458	0.277675566242	174398.834443	0.247777193859	1.42126092151	57833.2669232	36670.6813126
7125000.0	43719.9895192	122786151.995	0.278562538151	174397.76441	0.25018115511	1.41853020575	57574.8727364	36474.1059258
7150000.0	43893.8715529	124545895.297	0.279448832618	174397.260436	0.252594778019	1.41580385192	57318.2978616	36279.1973504
7175000.0	44068.1652181	126321199.368	0.280335560729	174397.073208	0.255016995805	1.41307905131	57062.8224014	36085.3500288
7200000.0	44242.9562056	128115358.832	0.281222477691	174397.267282	0.257449313551	1.41035857431	56808.8385694	35892.8734949
7225000.0	44418.1699596	129925607.445	0.282109025652	174397.766867	0.259890195657	1.40764556016	56556.3698736	35701.716885
7250000.0	44593.8376473	131753209.985	0.282994414503	174398.594892	0.262340060988	1.40494359025	56305.7589457	35512.1293337
7275000.0	44769.9717955	133598744.769	0.28387817908	174399.777052	0.264798961962	1.40225738446	56057.3341533	35324.3112785
7300000.0	44946.5200155	135460300.431	0.284759646224	174401.257117	0.267265829672	1.39958864088	55811.0971778	35138.2354577
7325000.0	45123.5581519	137340951.727	0.285638217282	174402.981967	0.269742285129	1.39694364736	55567.465141	34954.181264
7350000.0	45301.0222038	139238305.275	0.286515268089	174404.757355	0.272227411903	1.39431632784	55325.6881981	34771.5959672
7375000.0	45478.9144808	141152537.655	0.287390454606	174406.552558	0.274721177066	1.3917066098	55085.8228146	34590.5242439
7400000.0	45657.2920056	143086018.477	0.288262771647	174408.398701	0.277224631584	1.38911571976	54848.2561677	34411.3045368
7425000.0	45836.0819376	145035976.405	0.289132107281	174410.273376	0.279736223438	1.38654023018	54612.7921937	34233.8045808
7450000.0	46015.313455	147003711.442	0.28999764369	174412.195055	0.282256367687	1.38398040666	54379.7136532	34058.2666774
7475000.0	46195.0089458	148990292.841	0.290858422758	174414.204433	0.284785458048	1.38143540811	54149.3129796	33884.9797308
7500000.0	46375.1126116	150993615.698	0.291715153228	174416.177954	0.287322503576	1.37890177296	53921.2379503	33713.6745763
7525000.0	46555.6555853	153015107.448	0.292567712473	174417.899294	0.289868538269	1.37638007358	53695.4929163	33544.3686911
7550000.0	46736.6527019	155055535.677	0.293416003029	174419.346333	0.292423896392	1.37387284996	53472.1818201	33377.1236739
7575000.0	46918.0542243	157112974.991	0.294259909685	174420.517879	0.294987414286	1.37138111635	53251.1443398	33211.7599073
7600000.0	47099.8802181	159188429.429	0.295098814018	174421.430978	0.2975594426	1.3689094108	53032.6578796	33048.4598667
7625000.0	47282.1623689	161283447.167	0.295931983433	174422.028945	0.300140399707	1.36646257603	52817.0268723	32887.4124237
7650000.0	47464.8428183	163395737.544	0.296759488038	174422.33071	0.302729042447	1.36404179521	52604.0628129	32728.4112768
7675000.0	47647.9191594	165525384.745	0.297581196945	174422.194164	0.305325590008	1.36164760091	52393.7046152	32571.4037119
7700000.0	47831.4589696	167675589.229	0.298396250307	174421.404331	0.307931677867	1.35928280364	52186.3361848	32416.7091329
7725000.0	48015.3918694	169843432.199	0.299205428302	174419.962873	0.310545949201	1.35694158306	51981.4517637	32263.9554781
7750000.0	48199.7132778	172028893.293	0.300008667854	174417.879636	0.313168384145	1.35462447311	51779.12006	32113.189997
7775000.0	48384.450083	174233410.158	0.300805320236	174415.116945	0.315799436651	1.35233182892	51579.547604	31964.5971612
7800000.0	48569.608612	176457502.162	0.301595798333	174412.094196	0.31843911973	1.3500598687	51382.6313799	31818.1519537
7825000.0	48755.147994	178699466.207	0.302381591214	174409.517501	0.321086118484	1.34780082246	51187.8432276	31673.4830402
7850000.0	48941.0663286	180959384.341	0.303162546966	174407.303988	0.323740798227	1.34555399467	50995.1041408	31530.5663141
7875000.0	49127.4011895	183239234.3	0.303938249191	174405.389115	0.32640415813	1.34332189157	50804.6505424	31389.5955098
7900000.0	49314.1342305	185538340.776	0.304708471897	174403.763791	0.329075618029	1.34110453605	50616.3950704	31250.4599259
7925000.0	49501.239633	187855647.689	0.305473453084	174402.458546	0.331754482734	1.3389012732	50430.2299744	31113.0475231
7950000.0	49688.7150745	190191235.512	0.306232918703	174401.500732	0.334440543618	1.33671287442	50246.1797259	30977.3441349
7975000.0	49876.5859262	192546591.258	0.306986315476	174400.946712	0.337133946074	1.33454111249	50064.4417451	30843.4695035
8000000.0	50064.849976	194921870.186	0.307733021123	174400.805664	0.339834634119	1.33238589375	49885.1072468	30711.5033959
8025000.0	50253.4743719	197315653.365	0.308473271461	174400.87367	0.342542475654	1.33024718016	49708.0429619	30581.3289283
8050000.0	50442.4561451	199728021.097	0.309206911292	174401.135231	0.345257586044	1.32812432976	49533.2384156	30452.9762899
8075000.0	50631.7923063	202159052.908	0.309933897694	174401.60438	0.347980010232	1.3260174389	49360.6529546	30326.4266668
8100000.0	50821.5266516	204611349.627	0.310653822829	174402.306191	0.350710603666	1.32392926326	49190.5395437	30201.8855056
8125000.0	51011.6122957	207082676.438	0.311367164886	174403.217561	0.353448467045	1.32185867963	49022.6215354	30079.1260104
8150000.0	51202.0422568	209572890.373	0.312074320903	174404.367572	0.356193480647	1.31980616842	48856.8514431	29958.1075291
8175000.0	51392.8137074	212082070.145	0.312774901555	174405.679172	0.358945870105	1.317772572	48693.2917707	29838.8809512
8200000.0	51583.9236018	214610296.339	0.31346830226	174407.034241	0.361705940364	1.31575834305	48532.040973	29721.5269503
8225000.0	51775.403193	217159639.631	0.314153817677	174408.423503	0.36447432141	1.31376574723	48373.2927068	29606.171994
8250000.0	51967.2231452	219728729.477	0.314831833229	174409.866307	0.367250305972	1.31179462449	48216.898007	29492.6569513
8275000.0	52159.3703777	222317085.29	0.315502907363	174411.359923	0.370033405795	1.30984481768	48062.7729075	29380.8920248
8300000.0	52351.8414591	224924782.968	0.316166793551	174412.945318	0.372823442892	1.3079165941	47910.8879291	29270.8374347
8325000.0	52544.6329766	227551897.234	0.316823886711	174414.601605	0.375620287982	1.30601035073	47761.2074398	29162.4499572
8350000.0	52737.7413701	230198502.387	0.317473752708	174416.19697	0.378424248087	1.30412867303	47613.8555391	29055.8234803
8375000.0	52931.1927718	232866547.708	0.318115325607	174417.650047	0.381236225794	1.30227328451	47469.0286208	28951.1293973
8400000.0	53124.9591409	235554630.763	0.318748969669	174418.981284	0.384055607965	1.30043997933	47326.5389639	28848.2598523
8425000.0	53319.0299643	238262407.689	0.319374528413	174420.224226	0.386882268609	1.2986265618	47186.3338225	28747.2010968
8450000.0	53513.4011667	240989954.137	0.319991682731	174421.357667	0.389716020101	1.29683058504	47048.4117101	28647.9881052
8475000.0	53708.0684428	243737343.789	0.320600094621	174422.417517	0.392556935908	1.29505022907	46912.7893219	28550.6645712
8500000.0	53903.0271998	246504651.426	0.321199431926	174423.341952	0.395405236711	1.29328580825	46779.4734146	28455.2288277
8525000.0	54098.2729871	249291953.283	0.3217895996	174423.99124	0.398261164196	1.29153873463	46648.5115677	28361.7127377
8550000.0	54293.8147773	252100309.627	0.322369665888	174424.345236	0.401125085287	1.28981115554	46520.034803	28270.2047958
8575000.0	54489.6462134	254929743.274	0.322939835206	174424.383995	0.403996845872	1.2881030077	46394.0625145	28180.7318184
8600000.0	54685.748842	257779363.915	0.323500051729	174424.134466	0.406875975604	1.28641462946	46270.5014846	28093.1986483
8625000.0	54882.11756	260649243.409	0.324050480397	174423.604878	0.409762244949	1.28474718934	46149.4324531	28007.6526279
8650000.0	55078.7469544	263539453.19	0.324590225652	174422.732423	0.412655735408	1.2831014809	46030.9580986	27924.183668
8675000.0	55275.6308052	266450065.695	0.325117483388	174421.424934	0.415556809485	1.28147848106	45915.2882421	27842.9741173
8700000.0	55472.7626359	269381155.11	0.325633008742	174419.599257	0.418465623013	1.27987760769	45802.3685147	27763.9845337
8725000.0	55670.1368763	272332795.374	0.326138657564	174417.270441	0.421382155024	1.27829856599	45691.8683366	27686.9014918
8750000.0	55867.7490194	275305058.208	0.326636997046	174414.80788	0.42430592885	1.27673775572	45583.3797248	27611.3930503
8775000.0	56065.59595	278298012.414	0.327130363055	174412.571697	0.427236541522	1.2751923379	45476.4842022	27537.1126986
8800000.0	56263.68061	281312162.445	0.327621043047	174410.706088	0.430173771862	1.27366163954	45370.8955009	27463.7866019
8825000.0	56462.0068589	284348034.922	0.328108588229	174409.122251	0.433118314092	1.27214713367	45267.0360446	27391.8317239
8850000.0	56660.5621858	287404745.832	0.328591470429	174407.719313	0.436069775255	1.27064913986	45165.0542874	27321.3794255
8875000.0	56859.3439395	290482360.048	0.329068680356	174406.536857	0.439028223921	1.26916779536	45064.7840912	27252.2510052
8900000.0	57058.3489567	293580941.816	0.329539210679	174405.568577	0.441993670542	1.26770245178	44965.9306744	27184.1556842
8925000.0	57257.5733824	296700554.972	0.330002059292	174404.849756	0.444966043214	1.26625338602	44868.2757662	27116.8512488
8950000.0	57457.0127898	299841261.877	0.330456329362	174404.364605	0.447945313445	1.26482029544	44771.5783089	27050.093665
8975000.0	57656.662223	303003125.893	0.33090110289	174404.075722	0.450931760947	1.26340365801	44675.7353666	26983.7718384
9000000.0	57856.5164726	306186211.172	0.331336235261	174403.894536	0.453925544804	1.26200444235	44580.8656032	26917.9904013
9025000.0	58056.5706484	309390581.71	0.331762681113	174403.852676	0.456926681468	1.2606225342	44487.179876	26852.9767082
9050000.0	58256.82035	312616300.378	0.332181278152	174403.967776	0.459935013089	1.25925712309	44394.8939184	26788.9710516
9075000.0	58457.2615729	315863428.269	0.332592963018	174404.255643	0.46295037078	1.25790777886	44304.1945741	26726.1742094
9100000.0	58657.89082	319132024.563	0.332998681479	174404.728998	0.465972556431	1.25657431201	44215.2939123	26664.8024662
9125000.0	58858.7050843	322422146.74	0.333399011453	174405.388785	0.469001606636	1.25525713726	44128.3196111	26604.9746706
9150000.0	59059.7015118	325733853.697	0.333793641575	174406.154121	0.472037918648	1.25395790605	44043.1467317	26546.5298924
9175000.0	59260.8769581	329067204.639	0.334181699822	174406.99721	0.475081442528	1.25267630575	43959.7119132	26489.4073203
9200000.0	59462.2276612	332422257.497	0.334562384051	174407.925341	0.478132109882	1.25141080705	43877.989085	26433.6118975
9225000.0	59663.7493179	335799068.397	0.334934798047	174408.964246	0.481189616338	1.25016041545	43797.9992982	26379.1790649
9250000.0	59865.4369975	339197691.826	0.335297964108	174410.150393	0.484253937529	1.24892407041	43719.6971295	26326.0922519
9275000.0	60067.285124	342618180.202	0.335651049849	174411.429295	0.487325087672	1.24770121481	43643.1363547	26274.4238945
9300000.0	60269.2876796	346060587.643	0.335993129172	174412.758929	0.490403549311	1.24649370669	43568.4728369	26224.2930289
9325000.0	60471.4385725	349524969.459	0.336324462442	174414.060612	0.493489446807	1.24530249215	43495.7639018	26175.7368351
9350000.0	60673.7319787	353011381.126	0.33664550664	174415.335996	0.496582797776	1.24412745487	43424.9340681	26128.6875765
9375000.0	60876.1623401	356519877.331	0.336956554193	174416.568611	0.499683773227	1.24296852084	43355.9246763	26083.0937467
9400000.0	61078.7243043	360050511.456	0.337258286423	174417.774964	0.502792012235	1.24182563078	43288.684376	26038.8960713
9425000.0	61281.4128513	363603335.246	0.337551160307	174418.981894	0.505907624331	1.24069868518	43223.1567525	25996.042259
9450000.0	61484.2232068	367178399.733	0.337835716852	174420.139712	0.50903059501	1.2395874802	43159.2701679	25954.4685132
9475000.0	61687.1504754	370775746.455	0.338112379889	174421.262528	0.512160925066	1.23849189987	43096.9590986	25914.1105525
9500000.0	61890.192184	374395455.562	0.338381641682	174422.280794	0.51530156435	1.23741240879	43036.103944	25874.9354168
9525000.0	62093.3440829	378037568.174	0.338644180076	174423.294239	0.518448222894	1.23634785295	42976.7368526	25836.862046
9550000.0	62296.6015611	381702111.451	0.338900503514	174424.335682	0.521599882563	1.23529826995	42918.8157298	25799.811093
9575000.0	62499.9611552	385389127.628	0.339150844395	174425.337688	0.524758590101	1.23426396887	42862.2698799	25763.7729512
9600000.0	62703.4193235	389098660.393	0.339394124334	174426.218436	0.527924718821	1.23324667662	42807.2749792	25728.891277
9625000.0	62906.9719847	392830755.69	0.339629138774	174426.862567	0.531098828321	1.23224826253	42754.0014544	25695.3062509
9650000.0	63110.6147886	396585460.585	0.339856013277	174427.24669	0.534281012215	1.23126820676	42702.4310901	25663.0136605
9675000.0	63314.3434818	400362820.76	0.340074988456	174427.416992	0.537470963018	1.23030566443	42652.5043778	25631.9602513
9700000.0	63518.1538809	404162880.232	0.340286072849	174427.347517	0.540668810578	1.22935984418	42604.134191	25602.083019
9725000.0	63722.0419291	407985680.739	0.340489695883	174427.040871	0.543874444949	1.22842991508	42557.2715963	25573.3486561
9750000.0	63926.0036348	411831261.785	0.340686145315	174426.492865	0.547087696973	1.22751478656	42511.8393943	25545.6989453
9775000.0	64130.0352323	415699662.436	0.340875636974	174425.673928	0.550308617807	1.22661377494	42467.764374	25519.0780961
9800000.0	64334.1329674	419590918.378	0.341058444315	174424.625351	0.553537084258	1.22572679948	42425.0037951	25493.4434201
9825000.0	64538.2977919	423506824.565	0.34123439383	174423.287676	0.556773269564	1.22485254227	42383.527448	25468.788543
9850000.0	64742.5218617	427445932.033	0.341404216233	174421.702561	0.560016980487	1.22399022555	42343.2223987	25445.0241438
9875000.0	64946.8014722	431408117.636	0.341568153596	174419.912597	0.563267817887	1.2231382791	42303.9779218	25422.0715053
9900000.0	65151.1331884	435393410.514	0.341725483557	174418.197351	0.566525767656	1.22229724579	42265.9853073	25400.1010251
9925000.0	65355.5129989	439401842.804	0.341875157935	174416.572374	0.569791495847	1.22146855246	42229.414874	25379.2649658
9950000.0	65559.9367	443433446.382	0.342017192006	174415.081949	0.573064991199	1.22065267386	42194.2873816	25359.5724861
9975000.0	65764.4002362	447488251.572	0.342151892586	174413.703116	0.576346151526	1.21984947681	42160.5443384	25340.9670693
10000000.0	65968.8997204	451566286.95	0.342279454498	174412.439682	0.579634967193	1.2190587543	42128.1058052	25323.3748498
10025000.0	66173.431414	455667579.401	0.342400187127	174411.342841	0.582931377137	1.21828029467	42096.8918922	25306.7201444
10050000.0	66377.9917613	459792153.816	0.342514538141	174410.38275	0.586235355841	1.21751378356	42066.8352224	25290.9443551
10075000.0	66582.5772841	463940032.03	0.342622652459	174409.581516	0.589546886082	1.21675882465	42037.8723372	25275.9956442
10100000.0	66787.18596	468112763.148	0.342724428177	174408.947566	0.592866146123	1.21601581589	42009.9906177	25261.8424306
10125000.0	66991.8140427	472310554.028	0.342820191888	174408.510817	0.596193248216	1.21528491053	41983.117886	25248.4139723
10150000.0	67196.4571563	476531855.974	0.342910806015	174408.247838	0.599527875125	1.21456483659	41957.1071241	25235.5979867
10175000.0	67401.1125158	480776685.462	0.342996452165	174408.208837	0.602869535322	1.21385526814	41931.8976428	25223.3292155
10200000.0	67605.7773346	485045057.87	0.343076683247	174408.307011	0.606218658378	1.21315691799	41907.530382	25211.6406189
10225000.0	67810.4486025	489336990.191	0.343150812595	174408.493431	0.609575673309	1.21247080441	41884.1365431	25200.6472875
10250000.0	68015.1231086	493652499.762	0.343218419457	174408.755888	0.612940693709	1.2117974054	41861.8078262	25190.4298791
10275000.0	68219.7975973	497991601.799	0.343279605499	174409.066723	0.616313708214	1.2111365152	41840.524855	25180.971962
10300000.0	68424.4689174	502354308.794	0.343334795117	174409.440643	0.61969481211	1.21048819028	41820.2795791	25172.2661947
10325000.0	68629.1323778	506744558.005	0.343383147016	174409.918354	0.623084988326	1.20985371207	41801.2140816	25164.415816
10350000.0	68833.7853607	511158873.195	0.343425788469	174410.476414	0.626483034027	1.2092313339	41783.1618344	25157.2913453
10375000.0	69038.4250786	515596993.831	0.343462944072	174411.135357	0.629888709187	1.20862056428	41766.1027786	25150.8842674
10400000.0	69243.0488202	520058926.398	0.343494928765	174411.881253	0.63330203124	1.20802093927	41750.0082941	25145.176811
10425000.0	69447.6539457	524544674.575	0.343521905027	174412.724045	0.636722845497	1.20743216503	41734.8655637	25140.1587832
10450000.0	69652.2378933	529054239.044	0.343543986961	174413.686263	0.64015094882	1.20685399928	41720.6635176	25135.8203307
10475000.0	69856.7982243	533587617.962	0.343561461402	174414.765625	0.643586358578	1.20628600585	41707.3663156	25132.1374507
10500000.0	70061.3280978	538148538.682	0.343573673321	174415.960042	0.647030158445	1.20572919215	41695.1212431	25129.2357966
10525000.0	70265.8263536	542734813.655	0.343579670085	174417.168714	0.650482226316	1.20518486103	41684.0002764	25127.1574672
10550000.0	70470.2916166	547345084.403	0.343579836283	174418.383575	0.653942442681	1.20465201795	41673.9295751	25125.8635515
10575000.0	70674.7211606	551979348.864	0.343574424901	174419.582346	0.65741070078	1.20413051399	41664.880397	25125.3272835
10600000.0	70879.1123805	556637602.133	0.343563703886	174420.765689	0.660886936651	1.20362003279	41656.8064326	25125.5106369
10625000.0	71083.4628206	561319836.509	0.343547921439	174421.949926	0.664371175809	1.20312008808	41649.6536166	25126.374921
10650000.0	71287.7662472	566028130.563	0.343526998427	174423.112603	0.667863945361	1.20263110838	41643.4591725	25127.9442808
10675000.0	71492.0160129	570764400.773	0.343501006071	174424.252443	0.671365979434	1.20215383372	41638.2223948	25130.2069117
10700000.0	71696.2170819	575524828.549	0.343470999812	174425.387568	0.674875917616	1.2016862993	41633.7684586	25133.032978
10725000.0	71900.3677278	580309400.199	0.343437224788	174426.508856	0.678393577536	1.2012282687	41630.0643647	25136.3912666
10750000.0	72104.4663637	585118098.852	0.343399942538	174427.611007	0.681918947381	1.20077950621	41627.0660355	25140.2451101
10775000.0	72308.5115406	589950904.604	0.343359413981	174428.698197	0.685452100249	1.20033980277	41624.7241818	25144.5546773
10800000.0	72512.4932436	594811511.434	0.343315371567	174429.799887	0.688993900065	1.19991048392	41623.0997178	25149.3420201
10825000.0	72716.4100733	599699469.484	0.343266609204	174430.818992	0.692545016329	1.19949361464	41622.3844767	25154.771922
10850000.0	72920.2670869	604611697.155	0.343213306494	174431.733007	0.696104526546	1.19908801802	41622.514368	25160.802786
10875000.0	73124.0624755	609548172.199	0.343155589841	174432.537138	0.699672344286	1.19869334999	41623.4658754	25167.4168033
10900000.0	73327.7945525	614508869.93	0.343093739844	174433.228676	0.703248427276	1.1983090227	41625.1914641	25174.5786446
10925000.0	73531.458308	619495019.82	0.343027935713	174433.791334	0.70683333614	1.19793471578	41627.6604096	25182.2658369
10950000.0	73735.0371004	624511833.139	0.342957853756	174434.238658	0.710428287018	1.19757215987	41630.9925862	25190.5428668
10975000.0	73938.546708	629553026.637	0.342884761152	174434.54613	0.714031426096	1.19721802129	41634.9424526	25199.2455865
11000000.0	74141.9861736	634618566.563	0.342809042005	174434.726453	0.717642662851	1.19687196814	41639.462189	25208.3320467
11025000.0	74345.3546833	639708415.931	0.342731007256	174434.787004	0.721261868937	1.19653352745	41644.510119	25217.7688138
11050000.0	74548.6485413	644823545.948	0.342650798437	174434.718898	0.724889209586	1.19620226956	41650.0698753	25227.5457166
11075000.0	74751.8473164	649970451.275	0.34256843909	174434.444331	0.728526683333	1.19587963111	41656.2255247	25237.707737
11100000.0	74954.9723245	655141800.463	0.342484780991	174434.013037	0.732171917974	1.19556337023	41662.7751448	25248.1054491
11125000.0	75158.0231496	660337548.572	0.342399048619	174433.409529	0.735825101352	1.19525451789	41669.8327068	25258.8320536
11150000.0	75360.9992037	665557648.649	0.342310655365	174432.602352	0.73948642109	1.19495392544	41677.4831481	25269.9567536
11175000.0	75563.8894437	670805250.709	0.342218979646	174431.489905	0.74315718006	1.19466331295	41685.8388303	25281.5583386
11200000.0	75766.6829109	676083339.021	0.3421242586	174430.06109	0.746838388055	1.19438313362	41694.8903393	25293.6194526
11225000.0	75969.3977145	681385910.078	0.342027495587	174428.458973	0.750527691268	1.19411092665	41704.4610712	25306.0166743
11250000.0	76172.0333172	686712908.732	0.341928592122	174426.815132	0.75422491275	1.19384624786	41714.5505975	25318.7572154
11275000.0	76374.5892033	692064276.006	0.341827417298	174425.258986	0.757929910567	1.19358867608	41725.1615937	25331.8514632
11300000.0	76577.0378562	697447995.279	0.341723794793	174423.850483	0.761645221835	1.19334035164	41736.4178906	25345.3775796
11325000.0	76779.3975085	702858271.172	0.341618411149	174422.583205	0.765368712865	1.19309901357	41748.1450908	25359.210735
11350000.0	76981.6746544	708293016.954	0.341511634896	174421.453712	0.769099841338	1.19286388237	41760.2723105	25373.3019975
11375000.0	77183.8691536	713752163.198	0.341403653286	174420.464883	0.772838593868	1.19263471313	41772.7713142	25387.6304739
11400000.0	77385.9646969	719240383.87	0.341294494933	174419.641931	0.776586281532	1.19241222798	41785.6746931	25402.2121519
11425000.0	77587.9558628	724759155.185	0.341183865488	174418.958636	0.780343307561	1.19219733783	41799.0547652	25417.0994429
11450000.0	77789.8624298	730302412.802	0.341070867349	174418.375723	0.784108105502	1.19199002496	41812.9847629	25432.3655513
11475000.0	77991.6839077	735870079.788	0.34095530444	174417.887403	0.787880789041	1.1917905162	41827.4871022	25448.0284754
11500000.0	78193.4096127	741464910.38	0.340837054067	174417.498835	0.791662389244	1.19159947463	41842.5935108	25464.1066532
11525000.0	78395.0167108	747092927.992	0.34071603904	174417.221958	0.795454574546	1.19141813451	41858.3640083	25480.6265906
11550000.0	78596.5353948	752745435.5	0.340593325967	174417.031982	0.799254608474	1.19124305572	41874.5524588	25497.4204315
11575000.0	78797.9655812	758422345.949	0.34046909943	174416.926243	0.803062425557	1.19107392079	41891.1293515	25514.4650776
11600000.0	78999.2984101	764125975.69	0.340343434569	174416.907937	0.806878695169	1.19091100282	41908.101135	25531.759288
11625000.0	79200.5054767	769863957.889	0.340216454866	174417.026058	0.810705522191	1.19075505542	41925.4865835	25549.2941129
11650000.0	79401.6228049	775626404.915	0.340088835896	174417.229301	0.814540085351	1.19060339755	41943.1053284	25566.9587868
11675000.0	79602.6507669	781413219.065	0.339960766885	174417.520147	0.818382271301	1.19045573133	41960.9309589	25584.732115
11700000.0	79803.5766855	787227873.107	0.339832463666	174417.918576	0.822232974025	1.19031224953	41978.9588377	25602.6002685
11725000.0	80004.3786535	793076459.08	0.339704121609	174418.438166	0.826094070166	1.19017317217	41997.1749609	25620.5414164
11750000.0	80205.0913983	798949455.905	0.339574514136	174419.014123	0.829962840305	1.1900388546	42015.7202097	25638.6906326
11775000.0	80405.7150502	804846755.694	0.339443404588	174419.645938	0.83383933551	1.18990962448	42034.6289696	25657.0760175
11800000.0	80606.2256365	810774696.744	0.339310311774	174420.362641	0.837725719011	1.18978703118	42054.0040319	25675.766266
11825000.0	80806.6180257	816734470.02	0.339175729758	174421.106915	0.841622058815	1.18967109832	42073.8101185	25694.7241355
11850000.0	81006.9198175	822718580.673	0.339040284217	174421.896818	0.845526190351	1.18955964604	42093.8906685	25713.8503877
11875000.0	81207.1313806	828726908.99	0.33890413862	174422.740013	0.849438089155	1.18945240899	42114.2175883	25733.1243566
11900000.0	81407.2116684	834770484.495	0.338767485195	174423.652963	0.853360865495	1.18935110606	42134.8441437	25752.5555755
11925000.0	81607.1883152	840841979.064	0.338630834284	174424.588842	0.857292290507	1.18925406495	42155.6487524	25772.0684658
11950000.0	81807.075327	846937704.478	0.338494369792	174425.553245	0.861231235836	1.18916067092	42176.5816925	25791.6282381
11975000.0	82006.8654828	853059691.39	0.338358277651	174426.556537	0.865178344815	1.18907118182	42197.6294991	25811.2166353
12000000.0	82206.5188196	859219120.722	0.338223284483	174427.622792	0.86913657714	1.18898635676	42218.7559459	25830.780834
12025000.0	82406.0845622	865402778.425	0.338089198281	174428.70993	0.873102077773	1.1889047938	42239.9111799	25850.3052701
12050000.0	82605.5635023	871610524.057	0.337955701296	174429.813101	0.877074895925	1.18882691649	42261.1432816	25869.8284846
12075000.0	82804.9211934	877852129.67	0.337821711511	174430.927671	0.881058336705	1.18875588811	42282.6842397	25889.5119755
12100000.0	83004.1695994	884124236.307	0.337686908838	174432.039265	0.885051246596	1.1886914858	42304.5461182	25909.3687956
12125000.0	83203.3318337	890420414.374	0.337551692844	174433.142513	0.889051669727	1.18863190511	42326.6231978	25929.3349149
12150000.0	83402.3990969	896743138.356	0.337416197409	174434.23192	0.893060409515	1.18857732663	42348.9081796	25949.4003223
12175000.0	83601.3297104	903104213.386	0.337280863389	174435.309661	0.897081075893	1.18852883024	42371.4032112	25969.5465261
12200000.0	83800.1752363	909489330.244	0.337145867938	174436.366805	0.901109105928	1.18848363104	42393.97512	25989.6992062
12225000.0	83998.9364734	915898327.352	0.337011303257	174437.404417	0.905144431249	1.18844147864	42416.6069431	26009.8470973
12250000.0	84197.5665324	922344831.555	0.336877921406	174438.430995	0.909191175262	1.18840283433	42439.2574231	26029.9423676
12275000.0	84396.0998851	928819368.61	0.336745790047	174439.415153	0.91324625357	1.18836646295	42461.85981	26049.9430043
12300000.0	84594.5516278	935317731.845	0.336614866801	174440.365486	0.917308451283	1.18833162014	42484.3951635	26069.8469271
12325000.0	84792.89458	941848172.261	0.336485838902	174441.274408	0.92138030006	1.18829808885	42506.7918585	26089.5905109
12350000.0	84991.1245194	948412576.205	0.336358936411	174442.167201	0.925460768127	1.18826568062	42529.0393764	26109.1410151
12375000.0	85189.2761857	955000732.275	0.336232783359	174443.01246	0.929548668608	1.18823517138	42551.2804979	26128.6515169
12400000.0	85387.3381976	961616240.335	0.336107026771	174443.780033	0.933646017188	1.1882075539	42573.576252	26148.1761141
12425000.0	85585.2729665	968270942.442	0.335981678983	174444.430173	0.937755366837	1.18818464025	42596.0010825	26167.7319701
12450000.0	85783.1315419	974949320.709	0.335856872516	174445.006347	0.941871973548	1.18816419989	42618.4608672	26187.2736833
12475000.0	85980.9146818	981651180.229	0.33573265952	174445.508579	0.945995778602	1.18814614241	42640.947009	26206.7949524
12500000.0	86178.5600735	988396524.262	0.335610022304	174445.867466	0.95013273043	1.1881322527	42663.3949405	26226.1936644
