z	T	P	nabla_ad	S	rho	delta	cp	cv
0.0	10048.3023562	6849.67508797	0.112252394892	174368.933105	9.89851542954e-05	1.6794677315	100418.366319	81690.7348633
25000.0	10159.3967605	7557.48119633	0.111413648248	174362.323192	0.00010760639795	1.7040550204	103085.631495	83763.4741289
50000.0	10269.2951485	8326.51240163	0.110666853442	174371.37493	0.000116832100231	1.72825005421	105716.964226	85797.3722453
75000.0	10378.0832894	9160.91007517	0.110014782854	174386.21329	0.000126697571667	1.75201330342	108293.035983	87775.6694133
100000.0	10485.8808097	10065.5295184	0.10948469354	174365.497171	0.000137265044503	1.77413913496	110628.734585	89544.7850132
125000.0	10592.8048941	11045.0010244	0.109017268284	174359.010659	0.000148540487495	1.79595332935	112933.790741	91280.4030371
150000.0	10698.8948835	12104.3429736	0.108597872698	174375.642992	0.000160552299535	1.81780331808	115258.727675	93024.4282833
175000.0	10804.2092957	13248.8605202	0.108249215333	174383.91621	0.000173358538546	1.83860196018	117452.598675	94654.6297672
200000.0	10908.8433263	14484.2974058	0.107975832424	174358.600421	0.000187026078893	1.85806139539	119445.636759	96112.2576795
225000.0	11012.8547008	15816.5157827	0.107738289145	174359.434196	0.000201545097227	1.87748724489	121453.637721	97575.8125333
250000.0	11116.2767558	17251.3961517	0.107550178248	174377.741256	0.000216957971843	1.8967632576	123454.296407	99026.8040289
275000.0	11219.1635341	18795.2357874	0.107418269737	174380.682504	0.000233339916638	1.9150705512	125318.501018	100360.87263
300000.0	11321.5880569	20455.443692	0.1073361452	174355.022138	0.000250762357068	1.93205589263	126990.399361	101533.019894
325000.0	11423.5813665	22238.5669905	0.107269103889	174357.477471	0.000269199867978	1.9493355162	128715.828117	102742.459242
350000.0	11525.1528645	24151.849949	0.107227482879	174375.497246	0.000288707335036	1.96625506949	130429.559177	103941.855994
375000.0	11626.33551	26203.3503796	0.107228497786	174380.860751	0.000309376737555	1.98234820449	132041.419876	105057.030732
400000.0	11727.1916669	28401.0365563	0.107268871028	174354.711729	0.00033129457769	1.997198042	133477.264375	106027.841886
425000.0	11827.7434284	30753.3809963	0.107313403744	174353.082229	0.000354421534326	2.01201039917	134943.916378	107022.338446
450000.0	11927.9879412	33268.79753	0.107372129188	174370.242832	0.00037880976914	2.02673942307	136426.186345	108027.18375
475000.0	12027.9436745	35956.7163339	0.107460240804	174381.701007	0.000404559966509	2.04058993484	137798.840814	108942.595064
500000.0	12127.6600611	38826.6233187	0.107590884917	174359.385241	0.000431793774174	2.05343374759	139007.448695	109722.98944
525000.0	12227.1781047	41888.2462492	0.107737652511	174349.292014	0.000460471710623	2.06629827931	140222.745625	110504.806027
550000.0	12326.4964014	45152.6140943	0.107894128867	174361.731325	0.000490625146775	2.07908463836	141454.598312	111298.244445
575000.0	12425.621872	48628.7471053	0.108064834543	174379.469745	0.000522337064109	2.09122615076	142624.493296	112042.728996
600000.0	12524.5753159	52329.6165071	0.108256449187	174374.89595	0.000555762175778	2.10216149392	143634.736636	112661.423816
625000.0	12623.3978126	56266.0367495	0.108471315558	174348.544584	0.000590967477682	2.11255717641	144549.685925	113201.550138
650000.0	12722.0999993	60450.1199564	0.108694014862	174348.630096	0.000627868636445	2.12330272295	145526.230189	113787.314055
675000.0	12820.6792098	64893.9795269	0.108926830492	174365.639104	0.000666546535665	2.13392623526	146505.727762	114374.261699
700000.0	12919.1437883	69610.3867906	0.109173642869	174381.104785	0.000707127520456	2.14388299046	147410.073999	114902.651348
725000.0	13017.5179132	74613.0933485	0.109438473738	174367.563788	0.000749797672157	2.15265003377	148149.673574	115303.026673
750000.0	13115.8355474	79916.7147702	0.109720439511	174344.002994	0.000794565922317	2.161015897	148827.684532	115653.31872
775000.0	13214.1009465	85535.0240548	0.110011861808	174346.237076	0.00084134168175	2.16960475719	149556.09149	116041.414755
800000.0	13312.3125348	91481.8245787	0.110312485736	174363.356418	0.000890224325874	2.17803890996	150284.831397	116430.05866
825000.0	13410.4761408	97772.8314499	0.110622439619	174378.652752	0.000941366874696	2.18591259233	150953.990075	116774.393771
850000.0	13508.609045	104424.671462	0.110941610807	174368.015658	0.000994987488624	2.19283907179	151495.878111	117022.866686
875000.0	13606.7367402	111452.889231	0.111270337456	174342.295374	0.00105111041297	2.19931911346	151977.155634	117225.710696
900000.0	13704.860956	118877.137633	0.111605623894	174341.040518	0.00110959982251	2.2059526755	152506.427361	117466.439564
925000.0	13802.9775402	126711.103654	0.111948442558	174355.630517	0.00117054649695	2.21245144895	153040.356485	117711.769616
950000.0	13901.0895214	134973.218117	0.112299506503	174372.718109	0.00123411255093	2.21850775808	153529.42391	117923.978092
975000.0	13999.2094865	143683.909513	0.112658713264	174373.525002	0.001300518351	2.22383888257	153921.266513	118062.828098
1000000.0	14097.3601134	152861.475049	0.113029237325	174346.937324	0.00136996067412	2.22859394966	154219.687504	118130.795443
1025000.0	14195.5557573	162526.497335	0.11340829289	174336.478864	0.00144220422205	2.23337819386	154540.949292	118217.371944
1050000.0	14293.7924133	172698.525833	0.113794305467	174344.460353	0.00151726615932	2.23807538154	154874.180123	118314.112909
1075000.0	14392.068648	183397.730941	0.114186874709	174360.97117	0.00159531401404	2.24246426196	155182.305363	118393.194107
1100000.0	14490.3897768	194645.449927	0.114584654772	174372.658314	0.00167654421222	2.24633419909	155428.394973	118426.681438
1125000.0	14588.7679773	206464.331234	0.114990075171	174364.099225	0.00176121753573	2.24969894902	155597.546887	118402.855325
1150000.0	14687.2256264	218878.458464	0.115405069505	174339.968464	0.00184940589591	2.2528727596	155729.264652	118350.780376
1175000.0	14785.7666515	231910.414947	0.115826107092	174334.61382	0.00194084004571	2.25597202405	155875.483046	118311.55223
1200000.0	14884.3870361	245583.268419	0.116252525997	174343.511906	0.00203563603126	2.2588378768	156013.121252	118268.056237
1225000.0	14983.0868502	259924.400194	0.116683513105	174357.911193	0.00213399182005	2.26129759846	156113.734897	118199.103583
1250000.0	15081.8701452	274953.413334	0.117120483663	174368.325411	0.00223607341436	2.26333100849	156166.44305	118096.273585
1275000.0	15180.7498671	290699.587456	0.117566972357	174363.204731	0.00234214119638	2.26510526735	156176.7281	117962.372148
1300000.0	15279.7447277	307192.353337	0.118019169489	174340.303088	0.00245237932524	2.26670361669	156149.468514	117800.476557
1325000.0	15378.858623	324456.411258	0.118476104803	174332.379492	0.00256642957306	2.2681524822	156122.438594	117640.624152
1350000.0	15478.0880519	342520.792763	0.118936895142	174336.807041	0.00268441573149	2.26932487296	156078.319486	117470.222532
1375000.0	15577.4320264	361413.483768	0.119403248916	174348.541839	0.00280648040675	2.27016501806	156006.956506	117281.804306
1400000.0	15676.8939675	381158.440617	0.11987950282	174362.410587	0.00293274259888	2.27075682017	155913.662289	117078.829276
1425000.0	15776.4841369	401792.565421	0.120362719209	174366.369143	0.00306355821478	2.27111304448	155786.086037	116851.334405
1450000.0	15876.2164165	423346.231376	0.120848190453	174347.373879	0.00319930689977	2.27130082493	155616.88041	116593.137622
1475000.0	15976.1007139	445850.609156	0.121335617684	174330.152041	0.00333967939856	2.27131546823	155430.460095	116323.638649
1500000.0	16076.1344735	469337.580815	0.121828048354	174326.449094	0.00348452874663	2.27108563147	155231.730054	116047.526253
1525000.0	16176.3167353	493838.83702	0.122330497083	174335.092778	0.00363391060738	2.27064973145	155024.142827	115767.060432
1550000.0	16276.6499011	519386.924458	0.122841568112	174349.657822	0.00378804520977	2.26998525544	154798.266861	115474.901571
1575000.0	16377.139273	546015.992889	0.123358338949	174361.648662	0.0039472322867	2.26909264569	154544.739562	115163.570234
1600000.0	16477.7932237	573762.312227	0.123876686071	174360.577375	0.00411185452534	2.26800515298	154257.047627	114827.857967
1625000.0	16578.6231105	602664.715809	0.124394332054	174338.797783	0.0042822541771	2.26680964169	153939.013818	114470.501683
1650000.0	16679.6362366	632760.907467	0.124919375805	174324.665822	0.0044578330446	2.26545954663	153615.828314	114111.582584
1675000.0	16780.8315604	664085.209334	0.125452994868	174323.830039	0.0046385244333	2.26389849083	153285.207167	113749.54404
1700000.0	16882.2089908	696672.362651	0.125993845902	174331.975454	0.00482451976556	2.26210952984	152939.486178	113378.471154
1725000.0	16983.770559	730560.436469	0.126539967624	174343.678446	0.00501606680212	2.26007978403	152571.187419	112992.611984
1750000.0	17085.5219513	765800.031089	0.127091453092	174353.913971	0.00521345075012	2.25782182015	152176.541339	112588.986251
1775000.0	17187.4684108	802417.164408	0.127649347368	174357.45243	0.00541684700928	2.2554130195	151761.041762	112171.603012
1800000.0	17289.6194592	840453.465128	0.128208547598	174344.63168	0.00562672259724	2.25298916246	151330.145607	111743.660479
1825000.0	17391.9871614	879975.840143	0.12876945524	174326.601296	0.00584299705392	2.25051366441	150891.472159	111311.267635
1850000.0	17494.5681625	920998.908144	0.129335897286	174319.026072	0.00606515683832	2.24783168504	150442.458927	110873.247217
1875000.0	17597.3652127	963586.477648	0.129910119434	174320.795781	0.00629336930479	2.24488778166	149977.081384	110425.596933
1900000.0	17700.3779183	1007761.5202	0.13049470499	174330.180865	0.00652765196872	2.24169192355	149493.800397	109967.08192
1925000.0	17803.6129217	1053586.85499	0.131087332502	174342.52993	0.00676836220688	2.23830560791	148992.69459	109497.248215
1950000.0	17907.0719873	1101081.9084	0.131684592908	174352.05122	0.00701575208741	2.23480867171	148475.504244	109016.69234
1975000.0	18010.7661696	1150330.5864	0.132282021617	174351.685105	0.00727041135407	2.23129166233	147945.520583	108527.321466
2000000.0	18114.6988423	1201353.46291	0.132878573588	174335.989049	0.00753257849534	2.227831569	147408.545936	108033.252722
2025000.0	18218.8771304	1254202.97736	0.133480431653	174319.934538	0.0078017476223	2.22429210147	146864.909297	107535.634818
2050000.0	18323.3066431	1308955.9343	0.134091591459	174314.301292	0.00807766953396	2.22054342221	146310.235542	107031.990663
2075000.0	18427.9849961	1365631.62136	0.134710364341	174316.504765	0.00836044776188	2.21659865745	145743.040368	106521.077047
2100000.0	18532.9144721	1424280.46052	0.135335179234	174323.514454	0.00865032749736	2.2124659349	145161.379582	106001.401979
2125000.0	18638.0987813	1484954.0077	0.135968880805	174333.757103	0.00894740871297	2.20810941353	144561.056383	105470.119281
2150000.0	18743.5440414	1547708.88402	0.13661011904	174343.489902	0.00925198177215	2.203589606	143945.110482	104929.117838
2175000.0	18849.2570113	1612605.8506	0.137254742113	174347.57717	0.00956449647981	2.19901995471	143320.686065	104383.151295
2200000.0	18955.2421321	1679689.62938	0.137897508017	174340.127576	0.00988542049467	2.19453764071	142696.731376	103838.122506
2225000.0	19061.5048083	1749020.73697	0.138536934719	174321.539378	0.0102149402108	2.1901750559	142077.05326	103296.729884
2250000.0	19168.0482188	1820655.41748	0.139186380018	174311.028839	0.0105520013289	2.18559995558	141444.1392	102747.770489
2275000.0	19274.8747365	1894645.93737	0.13984620004	174308.911348	0.0108966534851	2.18080975684	140797.320778	102190.651471
2300000.0	19381.9871524	1971045.42165	0.140514823563	174312.942764	0.0112491162669	2.17584781642	140138.359683	101626.247849
2325000.0	19489.3885651	2049908.21138	0.141190174256	174320.517279	0.0116096642388	2.17076369545	139469.457694	101055.799938
2350000.0	19597.0827527	2131289.88437	0.141873206886	174329.657879	0.0119784709159	2.16554488405	138786.697904	100476.135452
2375000.0	19705.077783	2215265.39475	0.142565063894	174338.291644	0.0123557652235	2.16019202004	138088.970896	99886.5133838
2400000.0	19813.3784301	2301885.00047	0.1432602491	174342.21413	0.0127419734111	2.15484085223	137387.87532	99295.1205376
2425000.0	19921.9883157	2391204.62152	0.14395221591	174336.655159	0.0131376221562	2.14963488119	136696.294607	98711.2444743
2450000.0	20030.9097128	2483287.8709	0.14463649788	174319.788398	0.013543058135	2.14464753616	136022.202564	98140.7496662
2475000.0	20140.1440954	2578194.40014	0.145329602119	174307.73782	0.0139570779739	2.13945825151	135334.695104	97562.5248006
2500000.0	20249.7000284	2676022.49212	0.146036091723	174303.276728	0.0143795844744	2.13397131473	134625.579881	96970.8458184
2525000.0	20359.5788583	2776802.3312	0.146754585898	174305.022554	0.0148106463267	2.12824367706	133899.022327	96368.4375968
2550000.0	20469.7828501	2880573.36352	0.147483390327	174311.368152	0.0152504074512	2.12233635206	133159.223833	95758.0265273
2575000.0	20580.3206981	2987436.99097	0.14822052302	174320.40487	0.0156992277846	2.11631503025	132411.022968	95142.8263782
2600000.0	20691.1953375	3097446.20811	0.148963415165	174329.838845	0.0161573792175	2.11025428716	131659.925112	94526.5260005
2625000.0	20802.4055194	3210620.30838	0.149708846223	174337.111632	0.0166250834502	2.10423286065	130911.852959	93913.0941272
2650000.0	20913.9649528	3327130.39945	0.150453038653	174339.115582	0.0171030787677	2.09833844707	130173.936141	93307.5208748
2675000.0	21025.8636686	3446934.21594	0.15119150736	174332.624715	0.017591515154	2.0926580486	129453.316013	92714.7563584
2700000.0	21138.111797	3570199.72121	0.151922252006	174317.711301	0.0180908803227	2.08721898556	128753.520061	92137.4296233
2725000.0	21250.7008564	3696917.09673	0.152654526809	174306.491233	0.0185999177058	2.08179188505	128059.808884	91565.6237918
2750000.0	21363.640155	3827237.5654	0.153396645331	174300.607829	0.0191186291862	2.07618646132	127353.490056	90986.2585629
2775000.0	21476.9259872	3961124.03533	0.154154646632	174300.103625	0.0196465751705	2.07028209035	126622.05149	90390.4489251
2800000.0	21590.578415	4098776.35705	0.154926835451	174303.966742	0.0201842830493	2.064129128	125870.380627	89781.7471479
2825000.0	21704.591267	4240134.78875	0.155710201886	174310.719929	0.0207316255592	2.05780500663	125105.173838	89164.671771
2850000.0	21818.9763992	4385335.8171	0.156502053053	174318.824161	0.0212890471762	2.05137899521	124332.56843	88543.5224453
2875000.0	21933.7383519	4534454.0287	0.157298965892	174326.37987	0.0218568792017	2.0449283882	123559.228509	87922.8846865
2900000.0	22048.87462	4687505.16259	0.158097113535	174331.355626	0.0224353316638	2.03853489234	122792.209123	87307.613639
2925000.0	22164.3923834	4844624.32269	0.158892172565	174331.326371	0.0230250106228	2.03228430772	122038.938914	86702.875697
2950000.0	22280.292035	5005897.03789	0.159679261477	174323.615605	0.023626439907	2.02626882494	121307.283153	86114.0999515
2975000.0	22396.5670961	5171351.94024	0.16045957302	174311.666588	0.0242392717793	2.02045167884	120595.855941	85540.4105279
3000000.0	22513.2163132	5341069.72485	0.161239955711	174303.629336	0.0248626645697	2.01468355135	119894.468919	84974.8689162
3025000.0	22630.244507	5515174.23076	0.162029618359	174299.750079	0.0254965603918	2.00877830193	119183.943688	84403.9742652
3050000.0	22747.6577945	5693734.87086	0.162833868122	174299.846482	0.0261408238092	2.00263821315	118454.088463	83820.5079285
3075000.0	22865.4594518	5876784.87075	0.163650372366	174303.168067	0.0267955178078	1.99632045699	117709.967147	83227.9450997
3100000.0	22983.6553591	6064401.5015	0.164476665441	174308.838215	0.0274608239829	1.98988127241	116956.859112	82629.9895046
3125000.0	23102.2502427	6256663.25525	0.1653099301	174315.744048	0.0281369775075	1.98338039319	116200.074134	82030.3124193
3150000.0	23221.2475298	6453650.04924	0.166147053171	174322.731796	0.0288242592393	1.97688042271	115445.33788	81432.9222163
3175000.0	23340.6492093	6655443.52852	0.166984598726	174328.332556	0.0295229837914	1.9704449391	114698.418918	80841.8632086
3200000.0	23460.4557227	6862127.36125	0.167818758257	174330.987467	0.0302335334342	1.96414093581	113965.303653	80261.3070338
3225000.0	23580.6658324	7073787.58962	0.168645400767	174328.900712	0.0309563602117	1.95803622228	113252.026057	79695.5062442
3250000.0	23701.2769816	7290520.2457	0.169460242683	174320.167847	0.0316919440647	1.95219917517	112564.77503	79148.8072328
3275000.0	23822.2839921	7512398.39333	0.170270263428	174310.410836	0.0324395181546	1.94648452548	111892.624892	78613.8016708
3300000.0	23943.6889157	7739504.6171	0.171091743618	174304.412194	0.0331981131774	1.94059272474	111208.188743	78071.4289152
3325000.0	24065.4982709	7971927.38412	0.171924518543	174301.892532	0.0339677838311	1.9345361472	110512.202163	77522.0933278
3350000.0	24187.7162452	8209736.82881	0.172766635369	174302.455331	0.0347486074606	1.92835846435	109808.411107	76968.3045051
3375000.0	24310.3463739	8453009.2408	0.173615965548	174305.526815	0.0355406996588	1.922105699	109100.722965	76412.681773
3400000.0	24433.3909707	8701820.96032	0.174470064423	174310.540882	0.0363442142681	1.91582452439	108393.241276	75858.0273573
3425000.0	24556.8510129	8956248.47723	0.175326292389	174316.779998	0.0371593396728	1.90956307732	107690.210562	75307.2558124
3450000.0	24680.7261032	9216368.60435	0.176181839415	174323.365766	0.0379862920883	1.90337030953	106995.945967	74763.3394198
3475000.0	24805.0143341	9482258.59626	0.177033560282	174329.432196	0.0388253293794	1.89729388208	106314.783833	74229.309461
3500000.0	24929.7122876	9753996.3881	0.177878216465	174333.867419	0.0396767575908	1.89138114125	105651.054756	73708.223964
3525000.0	25054.818679	10031714.6266	0.178713590881	174335.46682	0.0405410347393	1.88565699751	105006.817979	73201.5740546
3550000.0	25180.3349064	10315553.8594	0.179546912817	174332.604081	0.0414184543819	1.87997984482	104367.7434	72699.4643371
3575000.0	25306.2555857	10605502.2392	0.180378353927	174324.457577	0.0423089953769	1.8743447228	103732.972112	72201.2343059
3600000.0	25432.5812568	10901636.6382	0.181212392523	174316.00133	0.0432117332743	1.86867744631	103098.10772	71703.9701755
3625000.0	25559.3135777	11204039.7672	0.182051560339	174310.659889	0.0441260488806	1.86293833877	102461.018836	71206.2591218
3650000.0	25686.4663248	11512995.1144	0.182894239328	174308.325512	0.0450523506917	1.85715888274	101824.612179	70710.0696801
3675000.0	25814.0249984	11828361.7115	0.183738390346	174308.57425	0.0459903206825	1.85137465293	101191.796998	70217.3068927
3700000.0	25941.9874668	12150202.6997	0.184582095914	174311.114272	0.0469400677175	1.8456203908	100565.552895	69729.988509
3725000.0	26070.3642438	12478810.2777	0.185423049133	174315.529785	0.0479021024203	1.83993567533	99949.3621314	69250.4812858
3750000.0	26199.1431913	12814131.0729	0.186258776163	174321.325589	0.048876357116	1.83435663814	99346.274773	68780.8484702
3775000.0	26328.3137859	13156142.3764	0.1870888046	174327.764959	0.0498628539806	1.82888271721	98755.8937762	68320.8249305
3800000.0	26457.8923587	13505250.3926	0.187918099153	174333.661505	0.050862363226	1.82340885019	98168.2317576	67863.6952851
3825000.0	26587.8620697	13861248.2235	0.188746524764	174338.492204	0.0518744770185	1.81794358785	97583.4311642	67409.4152207
3850000.0	26718.227604	14224310.1914	0.189572995699	174341.678485	0.052899522419	1.81251322875	97003.4773225	66959.2667715
3875000.0	26848.9949032	14594649.9186	0.190396015256	174342.562313	0.0539379153407	1.80714806494	96430.6578766	66514.7321958
3900000.0	26980.1470284	14972073.2341	0.1912143405	174340.571671	0.0549893650931	1.80187348535	95866.8212325	66076.9821837
3925000.0	27111.7055165	15357113.6659	0.192026218451	174334.697346	0.0560549133262	1.79672569724	95314.8527845	65647.9381436
3950000.0	27243.6409339	15749358.326	0.192832841524	174327.140473	0.0571332411679	1.79167998711	94773.3949024	65226.6725836
3975000.0	27375.976832	16149408.4011	0.193636862718	174322.327505	0.0582241750682	1.78668920008	94240.53087	64812.0947384
4000000.0	27508.6831777	16556831.5437	0.194437015553	174320.157871	0.0593269233968	1.78176932242	93717.4808426	64404.9857399
4025000.0	27641.782382	16972244.5657	0.195233685047	174320.06506	0.0604425011943	1.77687466452	93200.7763095	64003.2762297
4050000.0	27775.2451098	17395183.9104	0.19602864326	174321.320542	0.0615701843572	1.7719637285	92686.2690954	63604.1240809
4075000.0	27909.097023	17826311.6685	0.196821663689	174323.826429	0.062710934633	1.76704733279	92174.7926866	63208.0812625
4100000.0	28043.3118442	18265199.1609	0.197612768601	174327.3797	0.0638639684053	1.76214118395	91667.1326396	62815.5104118
4125000.0	28177.9045027	18712294.6029	0.198401639103	174331.782208	0.065029942572	1.75726112519	91164.4078331	62427.1224991
4150000.0	28312.8652997	19167517.992	0.19918780939	174336.714202	0.0662086771924	1.75242545707	90667.7709642	62043.5850935
4175000.0	28448.1881159	19630866.794	0.199970691658	174341.9146	0.067400113516	1.74765250024	90178.4101842	61665.5902601
4200000.0	28583.887378	20102814.44	0.2007493958	174347.00716	0.068605003061	1.74296507462	89698.1011578	61294.3224265
4225000.0	28719.9405587	20582997.0238	0.201523313405	174351.6574	0.0698227416854	1.73837938442	89227.7930924	60930.287035
4250000.0	28856.3551438	21071752.1647	0.20229055186	174355.033787	0.07105401269	1.73389679554	88767.7935397	60573.8478112
4275000.0	28993.1306627	21569259.6894	0.203049873018	174356.045715	0.0722993316693	1.72948101608	88315.5502516	60223.6054058
4300000.0	29130.2516567	22075321.9237	0.203801845903	174354.193489	0.0735584140217	1.72513423764	87870.6491269	59879.1078495
4325000.0	29267.7231184	22590229.0343	0.20454715217	174348.990044	0.0748317602561	1.72086581504	87433.4132734	59540.4714916
4350000.0	29405.5488601	23114237.9187	0.205288027213	174342.228875	0.0761190370278	1.71665429532	87002.4172146	59206.6478988
4375000.0	29543.7147662	23647121.951	0.206028117144	174337.336714	0.0774187661057	1.71245567517	86574.9415704	58875.8157867
4400000.0	29682.2200884	24188981.3011	0.206767864373	174334.335222	0.078730935507	1.70827796826	86151.3641523	58548.1160005
4425000.0	29821.0777071	24740279.8277	0.207507458185	174333.339688	0.0800560379802	1.70413353621	85732.4672878	58223.991896
4450000.0	29960.276921	25300846.9323	0.208247168907	174334.148773	0.0813937236919	1.70003242088	85318.6975224	57903.6241507
4475000.0	30099.81351	25870683.4326	0.208985105692	174336.432294	0.0827440381363	1.69597837972	84910.6011332	57587.5072068
4500000.0	30239.685026	26449891.0976	0.209717524198	174339.529423	0.0841072711376	1.69195604662	84507.7899516	57275.7458069
4525000.0	30379.8940754	27038737.4481	0.210444880732	174343.190289	0.0854837576761	1.68796383836	84109.8990309	56968.0656683
4550000.0	30520.440047	27637386.5731	0.211168374668	174347.28293	0.0868736209227	1.68400219165	83716.6664182	56664.2271725
4575000.0	30661.3131891	28245706.2921	0.211889214956	174351.627403	0.0882766176135	1.68007224988	83327.6801969	56363.8182919
4600000.0	30802.5126649	28863799.6076	0.212608321706	174356.027402	0.0896927964534	1.67617678465	82942.8895788	56066.7360819
4625000.0	30944.0382837	29491769.6662	0.21332659318	174360.290162	0.0911222122673	1.67232119334	82562.2351305	55772.7944335
4650000.0	31085.8905583	30129719.9062	0.214044940672	174364.167296	0.092564973275	1.66851272296	82185.8828759	55481.9933369
4675000.0	31228.0730749	30777832.4788	0.214764056774	174367.374235	0.0940212649623	1.6647576934	81814.0013777	55194.3552327
4700000.0	31370.5904972	31436325.2587	0.215481303407	174369.34247	0.0954915027321	1.6610689641	81447.7511413	54910.7293275
4725000.0	31513.4341059	32105095.4047	0.216191681064	174369.381003	0.0969757661825	1.65744639783	81087.9653304	54632.0084937
4750000.0	31656.6013848	32784249.667	0.21689605661	174367.073777	0.0984742622152	1.65389067235	80734.3347915	54357.9035764
4775000.0	31800.0905142	33473895.186	0.217595360343	174362.121961	0.0999870452296	1.65040149502	80386.4791697	54088.0344361
4800000.0	31943.9003679	34174137.4775	0.218292596608	174356.406104	0.101513485558	1.64694932568	80042.5244518	53821.1664338
4825000.0	32088.0308333	34885074.2667	0.218991121655	174352.143416	0.103052690952	1.6435033795	79700.4805805	53555.9314332
4850000.0	32232.482716	35606800.4264	0.219692422101	174349.384107	0.104604609875	1.64005945568	79359.8150225	53291.9133156
4875000.0	32377.2577167	36339409.6419	0.220397794835	174348.062035	0.106169210729	1.63661853999	79020.2812398	53028.8337808
4900000.0	32522.3583548	37082994.6134	0.22110831583	174348.178275	0.107746457827	1.6331801657	78681.5996916	52766.4345334
4925000.0	32667.7864879	37837647.8372	0.221819621608	174349.313623	0.10933659521	1.62975342687	78345.4004503	52506.1070284
4950000.0	32813.5413058	38603462.8065	0.222529222213	174351.208105	0.110939739933	1.62634228828	78012.3266177	52248.4215675
4975000.0	32959.6220574	39380532.2374	0.223238242215	174353.69882	0.112555952271	1.62294778323	77681.8903355	51992.9348293
5000000.0	33106.0287739	40168948.2905	0.223947864953	174356.729425	0.114185228919	1.61957004898	77353.5899879	51739.1896681
5025000.0	33252.7622076	40968801.8129	0.224659245457	174360.18763	0.11582755205	1.61620994449	77026.9693412	51486.7453358
5050000.0	33399.8239256	41780182.8222	0.225373587644	174363.923578	0.117482954967	1.61286747008	76701.5578515	51235.1728114
5075000.0	33547.2162445	42603180.1283	0.226092012191	174367.832172	0.119151405969	1.60954305509	76376.9577679	50984.0799773
5100000.0	33694.9422141	43437881.1059	0.226815688275	174371.727598	0.120832889746	1.60623681782	76052.7943773	50733.0943006
5125000.0	33843.0053332	44284371.9477	0.227544051018	174375.391867	0.1225275097	1.60295148573	75729.3202281	50482.3903648
5150000.0	33991.4074326	45142738.8683	0.228272790282	174378.366047	0.12423549448	1.59969464301	75407.9428029	50233.1388959
5175000.0	34140.1489134	46013067.8477	0.229001453988	174380.420899	0.125956907453	1.59646770492	75088.8944843	49985.5317857
5200000.0	34289.2302651	46895443.8167	0.229730177915	174381.309243	0.127691838726	1.59327077132	74772.1516678	49739.5626195
5225000.0	34438.652173	47789950.4221	0.230459293126	174380.851475	0.129440328305	1.59010503842	74457.7304724	49495.2343659
5250000.0	34588.4236197	48696963.1715	0.23118901062	174378.729212	0.131202758428	1.58697236559	74145.7038219	49252.5962856
5275000.0	34738.5423272	49616448.5014	0.23191948763	174374.708624	0.132979072379	1.58387492578	73836.1110306	49011.6612657
5300000.0	34889.0062155	50548360.0955	0.232652779297	174369.858782	0.134768617997	1.58079864587	73527.9975895	48771.7933001
5325000.0	35039.8178912	51492770.2736	0.233392438283	174366.085652	0.136570451007	1.5777181902	73219.6110101	48531.8054842
5350000.0	35190.9800668	52449746.8311	0.234136845877	174363.399851	0.138384569366	1.57463556207	72911.3304949	48292.0006141
5375000.0	35342.4943663	53419356.0374	0.234884751831	174361.607466	0.140211100058	1.57155342898	72603.4679297	48052.6308825
5400000.0	35494.3628958	54401682.0138	0.235636675094	174360.731728	0.142049882566	1.56846999339	72295.8956039	47813.6012226
5425000.0	35646.6068927	55397489.2283	0.236392997462	174360.669929	0.143901570372	1.56538603874	71988.5648793	47574.8663988
5450000.0	35799.209893	56406177.6583	0.237154141112	174361.378858	0.145765424866	1.56229978581	71681.3117208	47336.3061505
5475000.0	35952.1740399	57427805.0176	0.237920426114	174362.785385	0.147641347475	1.55921205403	71374.0587856	47097.8261333
5500000.0	36105.5017306	58462426.1966	0.238692420182	174364.814719	0.149529253809	1.55612238581	71066.6797663	46859.3225805
5525000.0	36259.1991059	59510219.6832	0.239470702464	174367.410015	0.151429170043	1.5530307546	70759.0614497	46620.6910919
5550000.0	36413.290226	60571987.7102	0.240255127549	174370.358908	0.153341898885	1.54994045942	70451.2961193	46381.9762754
5575000.0	36567.7547639	61646973.1835	0.241044203343	174373.443593	0.15526675319	1.54685351826	70143.6401775	46143.3832205
5600000.0	36722.5946421	62735222.7069	0.241837727778	174376.550659	0.1572037157	1.5437711838	69836.2966506	45905.0756591
5625000.0	36877.8130099	63836832.3345	0.242635385916	174379.642522	0.159152696887	1.54069430666	69529.4570859	45667.2008224
5650000.0	37033.4434054	64952974.2621	0.243437166032	174382.568636	0.161114718099	1.53762419396	69223.3346246	45429.9435638
5675000.0	37189.4558856	66082586.2016	0.244242585868	174385.246139	0.163088688842	1.53456097345	68918.0521688	45193.402618
5700000.0	37345.8515177	67225703.563	0.245051339768	174387.594107	0.165074550251	1.53150590233	68613.7318479	44957.6599058
5725000.0	37502.6494375	68383001.2794	0.245863521719	174389.466739	0.167072798538	1.52845977489	68310.5231399	44722.839803
5750000.0	37659.8566448	69554723.0297	0.246679444489	174390.56516	0.169083790084	1.52542204726	68008.1984959	44488.7561531
5775000.0	37817.4526405	70740133.3076	0.247498565603	174390.662493	0.171106861075	1.52239419442	67706.7070869	44255.3288595
5800000.0	37975.4470909	71939573.4851	0.248320176162	174389.64823	0.173142291693	1.519379619	67406.3922966	44022.8277567
5825000.0	38133.8702786	73154130.4469	0.24914332439	174387.322377	0.175190904563	1.51638501623	67107.7938678	43791.6310952
5850000.0	38292.6853431	74382544.6832	0.249967136466	174383.664304	0.177251548859	1.51341219688	66811.0853191	43561.8612455
5875000.0	38451.9013531	75625182.7187	0.250792207026	174379.203064	0.179324095459	1.51045697239	66516.0588753	43333.4005569
5900000.0	38611.551976	76883259.4488	0.251621742353	174375.548948	0.181408431176	1.50750132558	66221.4793273	43105.3969176
5925000.0	38771.5965254	78155324.5528	0.252455452455	174372.809394	0.183503286692	1.50454564457	65927.3003037	42877.8110646
5950000.0	38932.0577638	79442168.2929	0.253294982135	174370.845485	0.185609280559	1.50158538157	65632.9321227	42650.1797675
5975000.0	39092.9528998	80744340.3328	0.254141023666	174369.553867	0.187726878459	1.49861826434	65338.060968	42422.2650704
6000000.0	39254.2479966	82060597.9868	0.254992287861	174368.841416	0.189854906826	1.49564662632	65043.0194911	42194.3295278
6025000.0	39415.9916322	83392618.9817	0.255848785172	174368.737457	0.191994470044	1.49267170303	64748.0830407	41966.6205838
6050000.0	39578.1556889	84739396.856	0.256709317194	174369.195505	0.194144700587	1.48969647525	64453.5830042	41739.3925391
6075000.0	39740.7389034	86100887.4683	0.257573240082	174370.173383	0.19630541129	1.48672228656	64159.7457612	41512.8362827
6100000.0	39903.7805459	87478484.3299	0.258440124365	174371.678668	0.198477446982	1.48375154331	63866.9690201	41287.2877306
6125000.0	40067.226475	88870307.5406	0.259309460383	174373.579736	0.200659403625	1.48078447109	63575.2167192	41062.7041201
6150000.0	40231.1392227	90278558.4391	0.260183580821	174375.656755	0.202852952312	1.47781560462	63283.7017158	40838.488054
6175000.0	40395.4718353	91701552.5085	0.261062061844	174377.854159	0.205056895083	1.47484492804	62992.385132	40614.5905307
6200000.0	40560.2539636	93140312.8238	0.261944298111	174380.143515	0.207271775712	1.47187543831	62701.6634656	40391.3096456
6225000.0	40725.4830363	94594748.6622	0.262829369675	174382.498278	0.209497447038	1.46891005073	62411.9274813	40168.9470008
6250000.0	40891.1462857	96064430.3405	0.263716313704	174384.918396	0.211733368359	1.46595132149	62123.4883977	39947.7190053
6275000.0	41057.2768376	97550561.9541	0.264604406552	174387.327498	0.213980259037	1.46300329319	61836.8289481	39728.0031811
6300000.0	41223.8285225	99051572.072	0.265492601411	174389.718331	0.216236954994	1.46006918765	61552.1605327	39509.9163465
6325000.0	41390.8608797	100569637.25	0.26638152787	174391.929618	0.218504994732	1.45714736859	61269.3797452	39293.429414
6350000.0	41558.3062907	102102381.294	0.267272615375	174393.769067	0.220782837911	1.45423173799	60987.596543	39077.8251139
6375000.0	41726.2431079	103652608.581	0.268165289489	174395.093521	0.223072366939	1.451327058	60707.2963204	38863.5005003
6400000.0	41894.5910484	105217496.368	0.269058394421	174395.939557	0.225371456159	1.44843584842	60428.5617091	38650.4444678
6425000.0	42063.4338023	106800099.672	0.26995092968	174396.109615	0.227681930558	1.445564641	60152.0819092	38439.1866955
6450000.0	42232.6887298	108397534.976	0.270842055115	174395.669587	0.230001864385	1.44271382138	59877.7991375	38229.6517236
6475000.0	42402.433184	110012706.814	0.271730433386	174394.444974	0.232332933944	1.43989188774	59606.5313098	38022.4367671
6500000.0	42572.5941174	111643086.778	0.272615765416	174392.413671	0.234673420428	1.43709771158	59337.9876292	37817.2699813
6525000.0	42743.231916	113291000.741	0.273499666086	174389.185782	0.237025243319	1.43432906466	59071.7028187	37613.8153346
6550000.0	42914.297914	114954721.973	0.274383750637	174385.538412	0.239386680644	1.43157517461	58806.8795598	37411.4956359
6575000.0	43085.8257823	116635533.341	0.275269646225	174382.360172	0.241757858248	1.42882610153	58543.0799486	37210.0836925
6600000.0	43257.8020881	118332975.882	0.276156511605	174379.737043	0.244138388128	1.42608223455	58280.4987706	37009.7583737
6625000.0	43430.2185302	120046798.494	0.277043572354	174377.674974	0.246527863831	1.42334369965	58019.3721052	36810.7248577
6650000.0	43603.1085431	121778321.794	0.277930060308	174376.284633	0.248926874759	1.42061135239	57760.0555382	36613.3010405
6675000.0	43776.408216	123525241.817	0.278815263688	174375.500507	0.251334031403	1.41788556234	57502.5832497	36417.5045352
6700000.0	43950.2116117	125291195.91	0.279700350323	174375.178882	0.253751583516	1.4151626206	57246.7504816	36223.2548361
6725000.0	44124.4262142	127072735.809	0.28058588029	174375.18291	0.256177645053	1.41244144458	56992.0273829	36030.0649962
6750000.0	44299.1072572	128872013.109	0.281471442767	174375.5103	0.258613182652	1.40972608027	56738.8180966	35838.2321896
6775000.0	44474.2397261	130688524.307	0.282356314289	174376.19825	0.261057846687	1.40701927897	56487.2871073	35647.8573525
6800000.0	44649.7925445	132521159.943	0.283240076954	174377.150667	0.263510789266	1.40432413064	56237.5397793	35458.9589851
6825000.0	44825.8425171	134372980.078	0.284121662774	174378.474355	0.265973424581	1.40164761004	55990.2550063	35272.0401
6850000.0	45002.3052885	136240842.767	0.285000700232	174380.103676	0.268443930789	1.3989897815	55745.2038668	35086.8726897
6875000.0	45179.2209932	138126430.583	0.285877558364	174381.866904	0.27092348969	1.3963527773	55502.402155	34903.4707779
6900000.0	45356.5965378	140030111.01	0.286752639106	174383.670783	0.273412384233	1.39373522829	55261.605493	34721.6398877
6925000.0	45534.3844159	141950105.862	0.287625785329	174385.489237	0.275909613834	1.39113400851	55022.6964839	34541.3257168
6950000.0	45712.6468596	143889000.476	0.288495755182	174387.362625	0.278416337802	1.38855168726	54786.0952933	34362.8643568
6975000.0	45891.3436466	145845322.412	0.289362401157	174389.265502	0.280931554307	1.38598484881	54551.7461335	34186.2575512
7000000.0	46070.4505531	147818227.646	0.290225464908	174391.22773	0.283454776169	1.38343245073	54319.6695881	34011.5296951
7025000.0	46250.0374006	149810723.551	0.291083388932	174393.20064	0.285987230059	1.38089490355	54090.3655565	33839.1391504
7050000.0	46430.0420736	151820440.355	0.291937272908	174395.091522	0.288528000345	1.37836884324	53863.42744	33668.772085
7075000.0	46610.4524685	153847006.101	0.292787373585	174396.708357	0.291077150476	1.37585400379	53638.5741462	33500.1872172
7100000.0	46791.3346754	155893333.654	0.293632931317	174398.038144	0.293636003325	1.37335511754	53416.339036	33333.8140248
7125000.0	46972.631634	157957193.958	0.294473828914	174399.077591	0.296203218835	1.37087322554	53196.45398	33169.368644
7150000.0	47154.329894	160038170.484	0.295309887081	174399.83564	0.298778417027	1.36841138195	52979.0378668	33006.8999773
7175000.0	47336.4772133	162138503.796	0.296140003619	174400.268499	0.301362386495	1.36597540791	52764.4692152	32846.6542474
7200000.0	47519.0463915	164257232.467	0.296964055805	174400.372526	0.303954614788	1.36356779659	52552.7555503	32688.6012079
7225000.0	47702.0095137	166393334.421	0.297782331307	174399.972767	0.306554840242	1.36118619469	52343.6145353	32532.5239422
7250000.0	47885.3836799	168547758.255	0.298594700053	174398.927608	0.309163490176	1.35883009388	52137.0993572	32378.4793118
7275000.0	48069.1985324	170722052.017	0.299400494293	174397.166612	0.311781449864	1.35650107925	51933.3938011	32226.6214926
7300000.0	48253.3999247	172913979.948	0.300200279814	174394.731139	0.314407534157	1.35419569735	51732.2477691	32076.7671424
7325000.0	48437.9855966	175123628.599	0.300993990821	174391.716908	0.317041630685	1.35191217434	51533.6449796	31928.9301949
7350000.0	48622.9955413	177353065.277	0.301782085479	174388.874881	0.319684139173	1.34964587831	51337.5029503	31783.1130201
7375000.0	48808.4083734	179601495.869	0.302565310109	174386.504835	0.322334457307	1.34739297294	51143.5926886	31639.1693912
7400000.0	48994.198587	181867892.899	0.303343735156	174384.46012	0.324992590027	1.345152379	50951.7608392	31497.0160207
7425000.0	49180.3644199	184152341.052	0.304117156639	174382.663791	0.327658448871	1.34292547981	50761.9745403	31356.5832178
7450000.0	49366.9479071	186457072.391	0.304884974883	174381.189173	0.330332936709	1.34071383675	50574.4875707	31218.0795253
7475000.0	49553.9191189	188780846.042	0.305647181588	174380.060744	0.333014986496	1.33851737904	50389.1892569	31081.3541843
7500000.0	49741.258489	191122909.07	0.306403900495	174379.278767	0.335704074657	1.33633573592	50206.018576	30946.3444239
7525000.0	49928.9634237	193483339.38	0.307154751312	174378.888184	0.338399975951	1.33416996697	50025.0312112	30813.0548968
7550000.0	50117.0552102	195863458.179	0.307899107158	174378.857025	0.341103092756	1.33202056923	49846.405713	30681.6344434
7575000.0	50305.5367296	198263689.116	0.308636338757	174379.04014	0.34381419502	1.32988909024	49670.2376147	30552.1685736
7600000.0	50494.3735035	200682510.716	0.3093668296	174379.411338	0.346532467549	1.32777301083	49496.3123015	30424.5212924
7625000.0	50683.5625892	203120002.424	0.310090897751	174379.978434	0.349258019971	1.32567334302	49324.5901102	30298.6580458
7650000.0	50873.1011519	205576243.779	0.310808635598	174380.766579	0.351990839998	1.32359044643	49155.0538724	30174.5706695
7675000.0	51063.0194831	208053138.683	0.31151950243	174381.774932	0.354731485119	1.32152644647	48987.8971126	30052.4224877
7700000.0	51253.2958291	210549773.057	0.312223796238	174383.008291	0.357479621495	1.31948177578	48822.9887941	29932.0884538
7725000.0	51443.9116819	213065376.844	0.312921297672	174384.367065	0.360235249736	1.31745609639	48660.2874474	29813.5442452
7750000.0	51634.8639457	215600030.802	0.313611558416	174385.753144	0.362998494128	1.31544980011	48499.8834866	29696.8525146
7775000.0	51826.1494123	218153815.291	0.314294656569	174387.17639	0.365769281814	1.31346369457	48341.7786732	29581.9869024
7800000.0	52017.7765118	220727501.265	0.31497034892	174388.636416	0.368547667318	1.31149901357	48186.0262197	29468.9596296
7825000.0	52209.7592522	223322230.37	0.315638434132	174390.16629	0.371333820161	1.30955766843	48032.7392385	29357.831124
7850000.0	52402.0637982	225936300.428	0.316299477	174391.780357	0.374126782467	1.30763813943	47881.6868862	29248.3964484
7875000.0	52594.6866619	228569785.145	0.31695359278	174393.413638	0.376926668833	1.3057413619	47732.8661207	29140.6497668
7900000.0	52787.6243935	231222759.657	0.317600474565	174394.96344	0.379733744442	1.30386871636	47586.3248889	29034.6348866
7925000.0	52980.8734612	233895300.782	0.318239609712	174396.379004	0.382548169202	1.30201979787	47442.0979969	28930.3949319
7950000.0	53174.4301448	236587484.193	0.318871084698	174397.690488	0.385369784454	1.30019220305	47300.1757839	28827.9605567
7975000.0	53368.3204566	239301358.922	0.319493551358	174398.854704	0.388199355286	1.29838585472	47160.7580014	28727.5211237
8000000.0	53562.511949	242035194.914	0.320107515443	174399.944379	0.391036129869	1.29659657654	47023.6420855	28628.9490916
8025000.0	53756.9972061	244788868.69	0.320712591099	174400.927638	0.393880111942	1.29482281718	46888.8139921	28532.2574386
8050000.0	53951.7716987	247562454.875	0.321308573146	174401.720965	0.396731507726	1.29306500066	46756.3062621	28437.4698333
8075000.0	54146.8308998	250356029.5	0.321895384983	174402.252993	0.399590526453	1.29132489481	46626.1388409	28344.5798476
8100000.0	54342.1702496	253169669.217	0.322472579027	174402.485411	0.402457219422	1.2896033485	46498.3355174	28253.6063788
8125000.0	54537.7848981	256003449.17	0.323040125629	174402.407965	0.405331403703	1.28790093324	46372.9424084	28164.5834481
8150000.0	54733.6699043	258857443.328	0.323597999747	174402.032566	0.408212772345	1.2862185984	46249.9863557	28077.507436
8175000.0	54929.8389323	261733203.122	0.324144992454	174401.339047	0.411101909765	1.28455827407	46129.655137	27992.5364427
8200000.0	55126.2699149	264629564.304	0.324681257616	174400.289601	0.41399846067	1.28292054146	46012.013348	27909.7164506
8225000.0	55322.9527657	267546317.104	0.325204539037	174398.730519	0.416902679004	1.28130560351	45897.2539975	27829.2292225
8250000.0	55519.8810795	270483535.008	0.325716541068	174396.681967	0.419814625912	1.279712524	45785.1168144	27750.8437854
8275000.0	55717.0496198	273441290.684	0.326219587233	174394.245537	0.422734034908	1.27813962315	45675.2589818	27674.2568059
8300000.0	55914.4544346	276419654.237	0.326716108711	174391.853052	0.425660585324	1.27658413153	45567.2736908	27599.128893
8325000.0	56112.0927582	279418692.147	0.327208338965	174389.768309	0.428593874732	1.27504353567	45460.7868549	27525.1421829
8350000.0	56309.9629959	282438469.148	0.327698170734	174388.018142	0.431533768911	1.27351728483	45355.6220923	27452.143736
8375000.0	56508.0639195	285479049.911	0.328184404125	174386.515816	0.434480544135	1.27200695063	45252.2065494	27380.5377251
8400000.0	56706.3934728	288540499.944	0.328665856051	174385.233934	0.437434283742	1.27051276977	45150.6359253	27310.4087571
8425000.0	56904.9489248	291622884.032	0.329141514598	174384.133398	0.440395086657	1.26903529499	45050.6994824	27241.5255472
8450000.0	57103.7270977	294726267.937	0.329610294993	174383.271551	0.443362794191	1.26757425205	44952.1681994	27173.6458668
8475000.0	57302.7269158	297850995.683	0.33007126347	174382.648258	0.446337622462	1.26612905245	44854.7850784	27106.5223339
8500000.0	57501.9477175	300997549.37	0.330522922742	174382.261837	0.449319583126	1.26470086982	44758.3601009	27039.9135799
8525000.0	57701.3765838	304165235.114	0.330965120272	174382.05283	0.452308649785	1.26328898772	44662.7654867	26973.7188875
8550000.0	57901.0084351	307354116.83	0.331397639856	174381.933594	0.45530533936	1.26189493508	44568.1947792	26908.1201464
8575000.0	58100.8384912	310564257.84	0.331821879423	174381.959604	0.458309151982	1.26051779934	44474.866877	26843.3531566
8600000.0	58300.8624287	313795718.895	0.332238476994	174382.143262	0.461320101514	1.25915702429	44382.9770472	26779.6362206
8625000.0	58501.0764138	317048560.313	0.332648478046	174382.524384	0.464338028508	1.25781224637	44292.7141391	26717.169135
8650000.0	58701.4771238	320322839.615	0.333052616687	174383.08215	0.467362828416	1.25648320939	44204.2869181	26656.1702953
8675000.0	58902.0616246	323618613.756	0.333451484308	174383.804639	0.470394500271	1.25517069269	44117.7678381	26596.6922474
8700000.0	59102.8270462	326935940.509	0.333844440693	174384.608772	0.473433397705	1.25387602897	44033.024785	26538.5725378
8725000.0	59303.7701431	330274878.53	0.334230726221	174385.493935	0.476479487799	1.25259869408	43950.0181743	26481.7771712
8750000.0	59504.8871024	333635484.028	0.334609409836	174386.461029	0.479532662586	1.25133732428	43868.7121941	26426.3005647
8775000.0	59706.1734569	337017812.073	0.334979703985	174387.564829	0.482592709733	1.25009094912	43789.1259481	26372.1780707
8800000.0	59907.6241309	340421915.422	0.335340621683	174388.788064	0.48565951964	1.24885832177	43711.220384	26319.4014679
8825000.0	60109.2335074	343847845.621	0.335691260327	174390.106588	0.48873323235	1.24763947943	43635.0804873	26268.0607324
8850000.0	60310.9956029	347295655.858	0.336030988245	174391.440325	0.491814234795	1.24643590867	43560.854188	26218.2764512
8875000.0	60512.9043992	350765400.697	0.33635999905	174392.7254	0.4949027173	1.24524863385	43488.5556296	26170.044138
8900000.0	60714.9541659	354257134.372	0.336678852256	174393.982937	0.497998669025	1.24407764133	43418.125985	26123.3062723
8925000.0	60917.1394316	357770910.537	0.33698799103	174395.227582	0.501102078555	1.24292276393	43349.5067031	26078.0088362
8950000.0	61119.4549655	361306780.758	0.337287875256	174396.43217	0.504212913585	1.24178370087	43282.6281166	26034.0901889
8975000.0	61321.8958269	364864795.417	0.33757903622	174397.592549	0.507331069371	1.24066034578	43217.430361	25991.4907339
9000000.0	61524.4576718	368445011.212	0.337861926113	174398.734972	0.510456507507	1.23955301239	43153.8735189	25950.1593065
9025000.0	61727.1366424	372047486.295	0.338137124901	174399.833382	0.51358931121	1.23846114358	43091.8744326	25910.0319652
9050000.0	61929.9278757	375672252.341	0.338405163527	174400.874592	0.516730356558	1.23738448068	43031.3478928	25871.0573432
9075000.0	62132.8275568	379319355.544	0.338666376	174401.81104	0.519881335148	1.23632391863	42972.2164395	25833.1921158
9100000.0	62335.8310612	382988820.246	0.338921557299	174402.806302	0.523035341893	1.23527750996	42914.5472417	25796.3217268
9125000.0	62538.9363253	386680711.535	0.339170970321	174403.763033	0.526196334288	1.23424666474	42858.2574011	25760.4598285
9150000.0	62742.1402311	390395078.59	0.339413043741	174404.582617	0.529364913472	1.23323349766	42803.5514357	25725.7777331
9175000.0	62945.4377383	394131953.591	0.339646706896	174405.13511	0.532541669184	1.23223892757	42750.5856453	25692.4224202
9200000.0	63148.8271015	397892052.925	0.339872042965	174405.459642	0.535726395323	1.23126270578	42699.3404707	25660.3662585
9225000.0	63352.3037978	401675456.784	0.340089280102	174405.524871	0.538919292408	1.23030471488	42649.7717844	25629.57388
9250000.0	63555.8613381	405481610.105	0.340298850879	174405.329773	0.542120072445	1.22936317919	42601.7379804	25599.9401257
9275000.0	63759.4956575	409310555.758	0.340500904341	174404.886654	0.54532861407	1.22843714191	42555.1925114	25571.4362344
9300000.0	63963.2028539	413162333.519	0.340695954117	174404.208204	0.548544751501	1.22752590309	42510.0685648	25544.0082266
9325000.0	64166.9791112	417036982.848	0.340884098031	174403.26585	0.551768435163	1.22662876328	42466.2943236	25517.5982822
9350000.0	64370.8207741	420934541.126	0.341065577904	174402.074957	0.554999673339	1.22574460239	42423.7712146	25492.1392727
9375000.0	64574.7243381	424855042.743	0.341240795415	174400.621888	0.558238359666	1.22487286445	42382.4491906	25467.5889039
9400000.0	64778.6864191	428798520.434	0.341410049661	174398.921301	0.561484223971	1.22401247076	42342.2688643	25443.9075432
9425000.0	64982.7036763	432765004.76	0.341573328967	174397.141365	0.564737078364	1.22316219738	42303.1845793	25421.0742078
9450000.0	65186.7725648	436754524.071	0.341729903326	174395.469948	0.567997167468	1.2223227221	42265.3290637	25399.206614
9475000.0	65390.8891403	440767107.344	0.341878719737	174393.923188	0.571264966663	1.2214959449	42228.9391129	25378.5068369
9500000.0	65595.0492533	444802785.964	0.342019957618	174392.489304	0.574540471983	1.22068142104	42193.9661425	25358.9385319
9525000.0	65799.2488839	448861587.982	0.342153956613	174391.151933	0.577823805159	1.21988007333	42160.3743995	25340.4460328
9550000.0	66003.4868759	452945486.334	0.342280253347	174389.980218	0.581115333457	1.21909178319	42128.1485839	25323.0126351
9575000.0	66207.7572131	457053462.344	0.342399732087	174388.955109	0.584414577116	1.21831636103	42097.2003133	25306.5550567
9600000.0	66412.055246	461184778.882	0.342512751689	174388.079322	0.587721428065	1.21755250446	42067.3867039	25290.9623476
9625000.0	66616.3776349	465339459.016	0.342619695112	174387.35976	0.591035792019	1.21680035595	42038.6375559	25276.1611464
9650000.0	66820.721103	469517523.856	0.342720802283	174386.809533	0.594357460829	1.21605938027	42010.8805303	25262.0879906
9675000.0	67025.0825635	473718992.854	0.342816352572	174386.428148	0.597686516682	1.21532945864	41984.0455975	25248.6789002
9700000.0	67229.4591089	477943882.931	0.342906669692	174386.227848	0.601022915645	1.21461033589	41958.0692225	25235.8755761
9725000.0	67433.8479424	482192208.38	0.342991997278	174386.22844	0.604366400982	1.21390162822	41932.9047057	25223.6333607
9750000.0	67638.2463146	486463982.474	0.343072254156	174386.396988	0.607717188592	1.21320422645	41908.558116	25211.9423751
9775000.0	67842.651509	490760749.799	0.34314551886	174386.643915	0.611076566257	1.2125201307	41885.3036032	25201.045416
9800000.0	68047.0595445	495083367.357	0.343211756802	174386.950586	0.61444481336	1.21184981308	41863.1947797	25190.9837386
9825000.0	68251.4665137	499429643.582	0.343271815306	174387.311232	0.617821040808	1.21119209992	41842.1308419	25181.6768159
9850000.0	68455.8693218	503799592.237	0.343325783648	174387.732246	0.621205132411	1.21054673603	41822.0981504	25173.1121447
9875000.0	68660.2649677	508193224.355	0.343373987211	174388.236553	0.624597101184	1.20991346261	41803.0821004	25165.2831065
9900000.0	68864.6505502	512610548.913	0.343416615375	174388.830211	0.62799688263	1.20929186163	41785.0622576	25158.1779706
9925000.0	69069.0232709	517051572.75	0.343453745835	174389.508098	0.631404284034	1.20868157836	41768.0198676	25151.7801481
9950000.0	69273.3804254	521516299.755	0.343485704286	174390.28885	0.634819110274	1.20808275627	41751.9522533	25146.0784996
9975000.0	69477.7159544	526008518.188	0.343511872322	174391.167947	0.638242764387	1.2074964034	41736.9741566	25141.1702059
10000000.0	69682.0286373	530525596.355	0.343533122694	174392.170952	0.641673909096	1.20692099002	41722.9699549	25136.9639712
10025000.0	69886.3168456	535066559.696	0.343549783656	174393.291642	0.645112413173	1.20635539447	41709.861446	25133.4164824
10050000.0	70090.5781545	539631404.258	0.343561508346	174394.496295	0.648558321444	1.20580010624	41697.7025058	25130.5683892
10075000.0	70294.8099558	544220126.722	0.343567720353	174395.729874	0.652011905553	1.20525593128	41686.5651838	25128.4746622
10100000.0	70499.009497	548832724.162	0.343568018618	174396.946227	0.655473540511	1.204723405	41676.4893551	25127.1692679
10125000.0	70703.1726825	553470033.325	0.343562616892	174398.158862	0.658943554597	1.20420257624	41667.4664827	25126.6490166
10150000.0	70907.2895935	558136094.113	0.343550813357	174399.347322	0.662423049435	1.20369464218	41659.5838438	25126.9674728
10175000.0	71111.3647392	562826213.378	0.34353411037	174400.50786	0.665910681347	1.20319727436	41652.6133626	25127.959527
10200000.0	71315.3959813	567540382.76	0.343512849711	174401.658255	0.669406265087	1.2027101019	41646.5122855	25129.5890267
10225000.0	71519.3812856	572278590.637	0.343487274664	174402.801445	0.672909639176	1.20223288703	41641.2351635	25131.8137675
10250000.0	71723.3187634	577040822.609	0.343457617148	174403.92794	0.676420742472	1.20176538212	41636.7372567	25134.594872
10275000.0	71927.2045607	581828069.528	0.343424069694	174405.017816	0.679940027983	1.2013074972	41633.0069454	25137.928832
10300000.0	72131.0264547	586644892.582	0.343386258477	174406.113595	0.683468767629	1.2008609484	41630.1336916	25141.8624815
10325000.0	72334.7942598	591485904.492	0.343345339092	174407.199039	0.687005213876	1.20042344084	41627.8959432	25146.230119
10350000.0	72538.5066702	596351083.751	0.343301153184	174408.252253	0.690549416244	1.19999553257	41626.3315181	25151.0561805
10375000.0	72742.1621718	601240407.967	0.343253043506	174409.245152	0.694101648785	1.19957817883	41625.5266803	25156.4097751
10400000.0	72945.759066	606153853.726	0.343200202486	174410.145694	0.697662269438	1.19917229687	41625.5757552	25162.3712392
10425000.0	73149.2831824	611096059.306	0.343142168969	174410.888944	0.701232775325	1.1987790316	41626.5880154	25169.022085
10450000.0	73352.7364314	616065225.243	0.343079768178	174411.528884	0.704812467336	1.19839711873	41628.4453119	25176.2669626
10475000.0	73556.1240201	621058674.483	0.343013677758	174412.034367	0.708400461149	1.19802502006	41631.0127101	25184.002948
10500000.0	73759.4446864	626076376.752	0.342944258777	174412.418814	0.711996576058	1.19766186321	41634.2394677	25192.1958698
10525000.0	73962.697328	631118299.023	0.342871876256	174412.699652	0.715600658225	1.19730687196	41638.0793654	25200.8142441
10550000.0	74165.8696508	636188285.614	0.342796379209	174412.826631	0.719214173904	1.19696139118	41642.5907457	25209.8846779
10575000.0	74368.9585274	641286877.885	0.342718170519	174412.790377	0.722836891608	1.19662463523	41647.7095255	25219.3548049
10600000.0	74571.9754458	646409831.247	0.34263815682	174412.616721	0.726467503123	1.19629469412	41653.290938	25229.1256278
10625000.0	74774.9199932	651557103.398	0.342556588624	174412.292943	0.730105885576	1.19597132951	41659.3064452	25239.1710927
10650000.0	74977.7918416	656728648.829	0.342473556519	174411.806268	0.733751931957	1.19565451745	41665.7472905	25249.4800176
10675000.0	75180.5740954	661929882.823	0.342388249712	174411.122713	0.737407562479	1.19534645382	41672.77924	25260.1665909
10700000.0	75383.2705948	667159016.269	0.342299610628	174410.144418	0.741072807407	1.19504810785	41680.5307296	25271.3494191
10725000.0	75585.8909188	672412551.582	0.342208278702	174408.91652	0.744746298175	1.19475843007	41688.8722204	25282.9217881
10750000.0	75788.4344338	677690438.369	0.342114508929	174407.454187	0.748427979826	1.19447720853	41697.7762734	25294.8618107
10775000.0	75990.9006168	682992622.965	0.342018585333	174405.778308	0.752117845962	1.19420405404	41707.2191243	25307.1562297
10800000.0	76193.2573245	688328696.23	0.341919386027	174404.174524	0.755818707605	1.19394125202	41717.4018503	25319.9497265
10825000.0	76395.5331136	693689403.576	0.341818124036	174402.683589	0.759527389865	1.19368551198	41728.0976825	25333.0915673
10850000.0	76597.728165	699074517.227	0.341714995275	174401.323677	0.763243719069	1.19343649702	41739.2681521	25346.5509168
10875000.0	76799.8421643	704483971.851	0.341610182072	174400.100405	0.766967618959	1.1931939774	41750.8819337	25360.3020843
10900000.0	77001.8548863	709923583.741	0.341503612961	174399.011389	0.770700953561	1.1929593203	41763.0019142	25374.3783243
10925000.0	77203.7692045	715392284.958	0.341395733435	174398.112345	0.774443302953	1.1927316674	41775.550702	25388.7257535
10950000.0	77405.6005453	720885416.531	0.341286924341	174397.341742	0.7781931213	1.19250952731	41788.4285982	25403.2770102
10975000.0	77607.3488419	726402902.94	0.341176816982	174396.68883	0.781950427271	1.19229333054	41801.6889232	25418.076195
11000000.0	77809.0019991	731948134.227	0.341064180784	174396.168729	0.7857164457	1.19208529657	41815.543136	25433.2868151
11025000.0	78010.5427763	737525578.509	0.34094816587	174395.742209	0.7894930815	1.19188808115	41830.1697117	25449.0299681
11050000.0	78211.997122	743127461.191	0.340829954987	174395.396609	0.793277499249	1.19169815813	41845.3111006	25465.120426
11075000.0	78413.3647116	748753699.264	0.340709711605	174395.137626	0.797069667102	1.19151513982	41860.9343753	25481.5332788
11100000.0	78614.6362068	754406705.917	0.340587401243	174394.981427	0.800870422177	1.19133933963	41877.0532743	25498.2753227
11125000.0	78815.7848993	760093627.417	0.340463097189	174394.928069	0.804682031905	1.19117165941	41893.6877911	25515.3464332
11150000.0	79016.844621	765804973.809	0.340337627211	174394.975135	0.808501389892	1.19100931412	41910.6479055	25532.6167038
11175000.0	79217.815537	771540651.115	0.340211189427	174395.115222	0.812328371999	1.19085196197	41927.9040696	25550.062838
11200000.0	79418.6865528	777303643.696	0.340083946181	174395.342475	0.81616376424	1.19069976183	41945.4527606	25567.6749627
11225000.0	79619.4329544	783100713.133	0.339956148701	174395.701886	0.820009585181	1.19055301209	41963.2819406	25585.4277996
11250000.0	79820.0903415	788922162.475	0.339828298126	174396.144439	0.823863022503	1.19040951284	41981.2546567	25603.2427345
11275000.0	80020.6592287	794767887.046	0.339700203315	174396.665803	0.827724012481	1.19026946636	41999.3989833	25621.141183
11300000.0	80221.1208549	800643106.667	0.339571234424	174397.277345	0.831594051131	1.19013435759	42017.8403287	25639.2063982
11325000.0	80421.4630538	806550915.971	0.339439915202	174397.964035	0.835474502759	1.19000657692	42036.8174834	25657.6264612
11350000.0	80621.7155523	812483038.671	0.339307156653	174398.688417	0.839362831061	1.18988396923	42056.1492194	25676.2772144
11375000.0	80821.8785275	818439359.777	0.339173152096	174399.448563	0.843258957123	1.1897663146	42075.8092526	25695.1378437
11400000.0	81021.9173898	824429116.201	0.339037949212	174400.276041	0.847165476717	1.18965490351	42095.859354	25714.2343439
11425000.0	81221.8471824	830448219.928	0.338902046505	174401.141626	0.851081154883	1.18954858164	42116.1931661	25733.4928452
11450000.0	81421.6870809	836491543.235	0.338765860332	174402.041759	0.855004488709	1.18944630677	42136.7235264	25752.8551891
11475000.0	81621.4375855	842558971.335	0.338629576271	174402.978219	0.858935502886	1.18934796387	42157.4259531	25772.3021807
11500000.0	81821.0433432	848665619.361	0.338493572093	174403.981759	0.862878338091	1.18925530342	42178.3341492	25791.8231939
11525000.0	82020.560449	854796494.83	0.338358124362	174405.010026	0.866828555175	1.1891660602	42199.3206099	25811.3461599
11550000.0	82219.9897266	860951461.387	0.338223339781	174406.064682	0.870786139986	1.18908005157	42220.3649074	25830.8579231
11575000.0	82419.3068567	867137388.255	0.338089652053	174407.15729	0.874753254357	1.1889978354	42241.4389953	25850.3260127
11600000.0	82618.5058354	873356339.929	0.337956540286	174408.275444	0.878730119751	1.18892113467	42262.6677546	25869.8252262
11625000.0	82817.6187758	879599368.51	0.337822993561	174409.397337	0.882714550482	1.18884943526	42284.118881	25889.4377655
11650000.0	83016.6462478	885866325.887	0.337688676323	174410.516578	0.886706675652	1.1887830927	42305.8345697	25909.1989298
11675000.0	83215.5311691	892173186.671	0.337553686917	174411.61492	0.89071102779	1.18872489191	42327.9241081	25929.1507072
11700000.0	83414.327984	898504788.223	0.337418637662	174412.705695	0.894723080613	1.18867071896	42350.1661353	25949.1693489
11725000.0	83613.0398598	904860289.397	0.33728362514	174413.782702	0.898742577663	1.18862032118	42372.540393	25969.2400873
11750000.0	83811.6336176	911249166.023	0.337148937865	174414.821772	0.902772485961	1.18857485999	42395.0556335	25989.3473765
11775000.0	84010.1158882	917669836.236	0.337015052574	174415.851461	0.906811924914	1.18853303836	42417.6231349	26009.4297502
11800000.0	84208.5151298	924114361.561	0.336881969948	174416.859634	0.910858608238	1.18849354408	42440.1918392	26029.4659031
11825000.0	84406.8191547	930586383.129	0.336749969494	174417.831695	0.914913714659	1.18845641714	42462.7322321	26049.4272729
11850000.0	84604.9930712	937096592.327	0.336619996039	174418.754287	0.918980210141	1.18842153244	42485.1529262	26069.2261579
11875000.0	84803.0871953	943630595.633	0.336491516631	174419.646406	0.923053776055	1.18838748797	42507.4528664	26088.8898556
11900000.0	85001.102444	950188212.424	0.336364526761	174420.508371	0.927134304839	1.18835421706	42529.6308987	26108.417745
11925000.0	85198.9819869	956787073.607	0.336239042813	174421.318325	0.931225541014	1.18832363785	42551.7940359	26127.8503136
11950000.0	85396.7802153	963410966.829	0.336113722318	174422.048057	0.935325412804	1.18829626773	42574.0462946	26147.3202745
11975000.0	85594.5021705	970058390.717	0.335988633185	174422.701526	0.93943319047	1.18827177838	42596.3719586	26166.8152866
12000000.0	85792.1035132	976743276.456	0.335864299508	174423.229325	0.943552499606	1.18825119873	42618.7628246	26186.2998764
12025000.0	85989.6115924	983457495.415	0.335740859176	174423.660081	0.947680686106	1.18823361633	42641.1553157	26205.7241678
12050000.0	86187.0456264	990195149.987	0.335618241164	174424.010189	0.9518159936	1.18821827589	42663.5321801	26225.0876775
12075000.0	86384.3718577	996967254.187	0.335497074124	174424.234803	0.955961832241	1.18820589048	42685.848325	26244.3337223
12100000.0	86581.5972314	1003772201.11	0.335377716717	174424.341425	0.960117423986	1.18819597221	42708.045304	26263.4089403
12125000.0	86778.7518127	1010600472.14	0.335259747625	174424.349076	0.964279999706	1.18818774279	42730.1353142	26282.343939
12150000.0	86975.8095472	1017461003.68	0.335143830996	174424.200383	0.968452309019	1.18818176819	42752.048736	26301.0607659
12175000.0	87172.7632982	1024357053.87	0.335030511224	174423.901557	0.972635216362	1.18817757069	42773.7120095	26319.4930814
12200000.0	87369.6503494	1031276298.43	0.334918977362	174423.485022	0.976824998229	1.18817470539	42795.203994	26337.7263734
12225000.0	87566.4494906	1038226476.82	0.334809903641	174422.894406	0.981023908357	1.18817376606	42816.4606365	26355.6827329
12250000.0	87763.1450714	1045213977.78	0.334702144668	174422.130343	0.985233903283	1.18817806107	42837.7300955	26373.5266856
12275000.0	87959.777341	1052224527.9	0.334595113008	174421.230496	0.989450925506	1.18818565207	42859.0150272	26391.3098738
12300000.0	88156.326235	1059265595.82	0.334488985156	174420.130824	0.993677379115	1.18819765141	42880.3257291	26409.0186587
12325000.0	88352.7725765	1066344878.17	0.334384340637	174418.78441	0.997915188878	1.18821357671	42901.573397	26426.5746361
12350000.0	88549.1582756	1073447048.6	0.334280592877	174417.37125	1.00215967388	1.18823134784	42922.7760028	26444.0438561
12375000.0	88745.4622308	1080580274.17	0.334178067605	174415.923332	1.00641312898	1.18825127529	42943.912434	26461.3986426
12400000.0	88941.667562	1087751635.71	0.33407713591	174414.605025	1.01067747502	1.18827267802	42964.9202501	26478.5965078
12425000.0	89137.8149377	1094945698.1	0.333977308991	174413.360763	1.01494816438	1.18829434177	42985.8177857	26495.6821174
12450000.0	89333.8797796	1102172337.36	0.333879199475	174412.220136	1.01922783873	1.18831585853	43006.5285648	26512.5907071
12475000.0	89529.8530874	1109436021.16	0.333783395544	174411.195761	1.02351767494	1.18833607735	43026.9407123	26529.2440344
12500000.0	89725.7716641	1116722197.29	0.333689110413	174410.237298	1.02781368211	1.18835498894	43047.1408132	26545.7263591
