z	T	P	nabla_ad	S	rho	delta	cp	cv
0.0	8318.92760471	1522.15001955	0.150137985207	174368.945312	2.79881042786e-05	1.27954681036	54099.036097	43532.9406738
25000.0	8472.58309772	1724.25261814	0.14364741963	174391.859027	3.10129549765e-05	1.31328086051	58251.4011323	47098.9086968
50000.0	8619.53587452	1948.01001607	0.138391259472	174380.98793	3.43121215146e-05	1.34581857235	62192.1015496	50456.7899916
75000.0	8760.96655301	2195.40423929	0.13396785105	174365.21099	3.79031259075e-05	1.37776979917	66007.9550436	53684.4989357
100000.0	8897.58715132	2468.47142963	0.1300678289	174398.316004	4.17987687262e-05	1.41060623794	69920.9747693	56976.1785348
125000.0	9030.02104935	2769.39560576	0.126904943223	174376.534685	4.6031420831e-05	1.44118329615	73498.5359406	59958.3900901
150000.0	9158.95743052	3100.58353536	0.124155887585	174360.649179	5.0617345144e-05	1.47136505282	76993.4628273	62851.2553266
175000.0	9284.73761424	3464.50162029	0.121690806744	174396.457032	5.55683378073e-05	1.50232399387	80591.7408698	65816.1720325
200000.0	9407.72206131	3863.7562522	0.119657463912	174376.786789	6.09287174433e-05	1.53116119636	83859.2692797	68479.5646863
225000.0	9528.33959146	4301.26765357	0.11789588663	174357.48499	6.67136253746e-05	1.55911678941	87009.143135	71028.9660068
250000.0	9646.79630884	4780.01813993	0.11628180898	174383.373224	7.29366331231e-05	1.5876972388	90259.3437024	73650.2424854
275000.0	9763.26481127	5303.04961911	0.114923312073	174382.56208	7.96414211467e-05	1.61477668099	93286.0655018	76067.9329322
300000.0	9878.06665366	5873.88430069	0.113769457656	174355.566621	8.68605459666e-05	1.64052446817	96105.3239164	78296.4795552
325000.0	9991.33280245	6496.11809583	0.112712985719	174364.822585	9.46017149214e-05	1.66652997149	98979.3122211	80560.590315
350000.0	10103.1447053	7173.31311252	0.111771189074	174397.859288	0.000102893689294	1.69249906501	101859.78021	82818.7077414
375000.0	10213.6885477	7909.63940077	0.110986318305	174391.802328	0.000111798485202	1.71676433151	104483.902241	84849.8736983
400000.0	10323.0763121	8709.20260256	0.1102861644	174408.174596	0.000121318831334	1.74081692449	107103.49766	86869.3711038
425000.0	10431.4075235	9576.32306956	0.109692529322	174410.288622	0.000131506922688	1.7639715216	109587.762791	88765.8650566
450000.0	10538.8160029	10516.005426	0.109205867996	174386.581968	0.000142409979102	1.78562283607	111861.796546	90479.6802771
475000.0	10645.3737159	11533.001454	0.108762031973	174393.502172	0.00015402820865	1.80757385579	114190.944155	92230.4476383
500000.0	10751.1229076	12632.3744115	0.108375893405	174411.503125	0.000166406959038	1.82904147342	116472.816933	93935.6321309
525000.0	10856.1403999	13819.6244317	0.108069871354	174399.387381	0.000179618446437	1.84907206694	118552.497048	95467.9856024
550000.0	10960.5165205	15100.6300635	0.107815759942	174383.762696	0.000193687437385	1.86849104812	120545.47194	96921.736996
575000.0	11064.2854303	16481.2123929	0.107603243479	174395.57218	0.000208622538374	1.88785704882	122554.675564	98382.8286511
600000.0	11167.4888037	17967.6158388	0.107442472685	174412.135605	0.000224484378273	1.90683969187	124514.68481	99797.1156668
625000.0	11270.1918626	19566.5972569	0.1073417604	174394.090333	0.000241363795901	1.92427454466	126253.261915	101026.372744
650000.0	11372.4578427	21285.0131213	0.107268360533	174381.189202	0.000259265267793	1.94142143036	127949.146866	102213.899449
675000.0	11474.2957787	23130.0178799	0.107213442507	174393.616396	0.000278205091913	1.9586139124	129679.448354	103426.070019
700000.0	11575.7244984	25109.2065695	0.107191812885	174410.276738	0.000298254935315	1.97519402184	131358.629326	104596.741449
725000.0	11676.7941047	27230.2743619	0.107217569001	174395.728001	0.000319521024255	1.99059706165	132869.467143	105628.660503
750000.0	11777.5572287	29501.8241074	0.107261857798	174378.813086	0.000342017134701	2.00533212121	134305.850949	106599.119122
775000.0	11878.0135275	31932.240806	0.107312839636	174388.274449	0.000365740195463	2.02018442393	135792.366663	107608.097081
800000.0	11978.1693149	34530.1484814	0.107384926098	174406.501897	0.000390766965085	2.03457454886	137236.54821	108581.218386
825000.0	12078.0570272	37305.0441097	0.107494518572	174403.929374	0.000417214555753	2.04789784452	138528.484531	109430.219714
850000.0	12177.7319933	40267.3948323	0.107638149628	174379.361477	0.00044515783333	2.06061497061	139714.358533	110189.958784
875000.0	12277.2106984	43426.3395823	0.107790350945	174381.457243	0.000474536267141	2.07349854741	140944.315506	110982.05031
900000.0	12376.4916268	46793.1685025	0.10795417053	174399.085237	0.00050543094477	2.08603079929	142155.477951	111758.675472
925000.0	12475.5883764	50377.3681603	0.108134840098	174410.408316	0.000537946378986	2.09763537547	143259.355848	112450.999782
950000.0	12574.5325414	54192.055275	0.108340853528	174387.583467	0.000572246343369	2.1080745215	144189.140136	113004.681404
975000.0	12673.3569843	58248.6728778	0.108560682825	174373.883563	0.000608269416356	2.11867276203	145136.513892	113568.37101
1000000.0	12772.0596292	62558.9432638	0.108788918786	174383.826472	0.000646021630858	2.12941327936	146121.641146	114159.801199
1025000.0	12870.6424328	67135.2740997	0.10902903257	174402.858253	0.000685605903344	2.13976845839	147073.536294	114724.821596
1050000.0	12969.1205996	71990.8691774	0.109284900427	174408.46476	0.000727174781091	2.14918866311	147907.609325	115198.469532
1075000.0	13067.5265668	77140.0518185	0.109560407223	174380.870284	0.000770893841748	2.15753114758	148581.686472	115546.759611
1100000.0	13165.8822975	82597.1470726	0.1098481184	174370.650272	0.000816630216789	2.16604050959	149288.063799	115917.889333
1125000.0	13264.1850532	88375.7914007	0.110144973159	174381.693061	0.000864418445271	2.17459164408	150021.965524	116309.936149
1150000.0	13362.4361991	94491.35576	0.110450956202	174400.438633	0.000914385483744	2.18278902468	150728.134924	116681.629762
1175000.0	13460.6465833	100959.445944	0.110766180164	174406.732265	0.000966709964204	2.19022987357	151342.254767	116984.392322
1200000.0	13558.8397549	107795.116283	0.111091234326	174380.562555	0.00102158569124	2.19675490593	151825.541172	117188.267239
1225000.0	13657.0323957	115019.329759	0.111424049127	174367.322483	0.00107886730122	2.20333187369	152333.458936	117411.858787
1250000.0	13755.2194432	122644.311593	0.111763720473	174375.032244	0.00113854148529	2.20992623658	152869.257581	117657.831392
1275000.0	13853.3998649	130690.563433	0.112111333729	174392.792127	0.00120076026155	2.2162304159	153385.779997	117890.207915
1300000.0	13951.5810764	139174.362896	0.112467301692	174404.642742	0.00126569903049	2.22194502058	153831.549667	118069.754163
1325000.0	14049.7804757	148114.873581	0.112832380463	174389.798188	0.00133359280594	2.22688785711	154163.628075	118163.114456
1350000.0	14148.0217709	157533.241658	0.113208499231	174367.4064	0.00140442676696	2.23163351539	154466.414859	118234.470417
1375000.0	14246.3072774	167450.171992	0.113591922905	174366.808301	0.00147805687036	2.2363877921	154795.871226	118327.756608
1400000.0	14344.6329001	177884.631256	0.113982098222	174380.330331	0.00155457788626	2.24094543037	155119.405026	118417.625971
1425000.0	14443.0003858	188856.638481	0.114378217519	174396.381774	0.00163417697901	2.24508614224	155399.32276	118475.90041
1450000.0	14541.4177694	200388.081547	0.114779461788	174400.198711	0.00171706869339	2.24865155551	155603.802669	118478.343837
1475000.0	14639.9039741	212504.476669	0.115191297479	174378.558808	0.00180353069537	2.25187670264	155743.208049	118431.705204
1500000.0	14738.4752887	225228.932207	0.115610216663	174363.41971	0.00189333515116	2.25501517873	155882.145687	118385.861341
1525000.0	14837.1282804	238583.258091	0.116034811874	174365.89946	0.00198643371615	2.25800442122	156025.427272	118345.33838
1550000.0	14935.8603992	252589.796171	0.116464400312	174378.650064	0.00208297220731	2.26067086807	156145.948399	118290.012496
1575000.0	15034.6737952	267275.823631	0.116898181602	174392.025538	0.00218316377149	2.2628772937	156218.916859	118201.342903
1600000.0	15133.5767928	282666.876292	0.117341211586	174397.123713	0.00228719526221	2.26476084618	156251.306087	118083.791007
1625000.0	15232.5854028	298786.02068	0.117791727289	174379.015652	0.00239537081585	2.26641860286	156235.051466	117929.741702
1650000.0	15331.7151355	315670.564566	0.118247127196	174362.801529	0.00250753266773	2.26794082309	156206.845972	117767.858481
1675000.0	15430.9618985	333337.160709	0.118706789001	174361.552153	0.00262353014915	2.26924987292	156171.694756	117602.974426
1700000.0	15530.3242551	351821.764651	0.119170301159	174369.844007	0.00274356109774	2.27022932605	156110.564668	117420.90796
1725000.0	15629.8027213	371147.228671	0.119642699999	174383.945121	0.00286770571174	2.27093127289	156027.970574	117224.980735
1750000.0	15729.4037953	391341.059641	0.120123765703	174394.73571	0.00299619786318	2.27138693576	155917.467097	117009.694111
1775000.0	15829.1403286	412442.355009	0.120609546408	174388.452401	0.00312945288008	2.27162857315	155767.202036	116765.49923
1800000.0	15929.0264144	434480.175252	0.12109637733	174365.373683	0.00326761204908	2.27172883738	155583.894005	116497.158289
1825000.0	16029.0643789	457485.748253	0.121586218005	174354.660418	0.00341025039297	2.27160074986	155388.376955	116222.064299
1850000.0	16129.2514864	481490.7393	0.122084614505	174357.729256	0.00355737126654	2.27125306415	155184.326776	115943.143549
1875000.0	16229.58859	506527.158668	0.122592544832	174370.247448	0.00370912654355	2.27068896546	154967.05082	115656.439795
1900000.0	16330.0794771	532628.347378	0.123107678569	174384.716519	0.00386577761954	2.26989279455	154726.444663	115353.99945
1925000.0	16430.7309385	559829.491932	0.123626734111	174391.674796	0.00402766170828	2.26887700414	154454.296757	115029.339778
1950000.0	16531.5528613	588168.20144	0.124145022982	174379.687381	0.00419520831978	2.26770358398	154146.908363	114679.387121
1975000.0	16632.5564969	617683.705978	0.12466658596	174358.164386	0.00436831467252	2.26643238212	153822.75247	114318.360886
2000000.0	16733.7437113	648411.550597	0.125196946931	174351.106086	0.00454647301718	2.26496291444	153494.960151	113957.249989
2025000.0	16835.1135325	680386.154998	0.125735220807	174355.269235	0.00472983919308	2.26327371239	153155.766213	113589.927986
2050000.0	16936.6667334	713642.776837	0.126279884123	174365.885051	0.00491862383806	2.26134790006	152797.55649	113210.55622
2075000.0	17038.4080758	748232.703066	0.126828980941	174377.21882	0.00511314923969	2.25917976835	152413.288477	112813.706363
2100000.0	17140.3415031	784184.082472	0.127385208801	174385.255156	0.00531354258379	2.25681252973	152005.764037	112401.52083
2125000.0	17242.475088	821534.210216	0.127945515971	174382.052842	0.00552016668016	2.25435785294	151579.660052	111976.824893
2150000.0	17344.8214688	860343.969969	0.12850550843	174362.454759	0.00573344242242	2.25192673055	151142.531574	111544.640728
2175000.0	17447.3836254	900645.18984	0.129070134838	174349.864419	0.00595271292993	2.2493338023	150697.499838	111108.595477
2200000.0	17550.1607396	942479.415862	0.129640597463	174346.856002	0.00617797402723	2.24650999107	150238.664921	110664.441598
2225000.0	17653.1550106	985897.868019	0.130221315524	174352.99705	0.00640928836982	2.24341280394	149762.162565	110209.848048
2250000.0	17756.3679417	1030930.17465	0.130811311688	174364.545616	0.00664682014324	2.24009624276	149267.893859	109744.194341
2275000.0	17859.8055935	1077631.2213	0.131407681457	174376.21807	0.00689093001558	2.23662477408	148756.21546	109267.247675
2300000.0	17963.4733305	1126044.91856	0.132006551986	174381.682518	0.00714200737828	2.23308829775	148230.057961	108780.481635
2325000.0	18067.3760354	1176207.0071	0.132604371855	174374.217567	0.0074004286036	2.22957503921	147693.72583	108286.58753
2350000.0	18171.5263552	1228203.38901	0.133203384622	174354.77777	0.00766640013283	2.22609453991	147152.102137	107789.573572
2375000.0	18275.9243319	1282053.2449	0.133811107622	174344.212361	0.00793904261357	2.22243213773	146601.332025	107287.822422
2400000.0	18380.5712009	1337804.39492	0.1344271987	174342.780308	0.0082184394482	2.21856951999	146038.731513	106779.286208
2425000.0	18485.4701598	1395516.80654	0.135050017166	174347.713248	0.00850486281516	2.21451524293	145462.831687	106262.93846
2450000.0	18590.6243061	1455244.42652	0.135680108291	174356.595491	0.00879850008038	2.21025061483	144869.695037	105735.905965
2475000.0	18696.0366943	1517024.38661	0.136319219814	174367.195441	0.00909944258686	2.20577979821	144258.645367	105197.733413
2500000.0	18801.7131981	1580910.20326	0.136963783043	174374.76293	0.00940806691934	2.20120169779	143635.481566	104652.164336
2525000.0	18907.6598863	1646958.12957	0.137609200152	174373.826689	0.00972484760486	2.19664156325	143008.245457	104104.550924
2550000.0	19013.8826298	1715227.75623	0.138249964127	174358.638642	0.0100503170455	2.19223789712	142386.29946	103561.088534
2575000.0	19120.3858946	1785778.94003	0.138894917125	174343.271159	0.0103837984516	2.18776600971	141758.832798	103015.006477
2600000.0	19227.1721864	1858665.14765	0.139550918833	174337.244883	0.0107247898973	2.18306006218	141116.772395	102460.445858
2625000.0	19334.2441333	1933939.36134	0.140216535897	174338.536123	0.0110734934408	2.17816118501	140461.724286	101898.183567
2650000.0	19441.6046619	2011655.65659	0.140889914672	174344.672792	0.0114301542805	2.17311430808	139795.629233	101329.277123
2675000.0	19549.2571181	2091869.49116	0.141569646929	174353.140577	0.0117950362442	2.16795789178	139119.156974	100753.737072
2700000.0	19657.2064938	2174636.90043	0.142259080684	174362.527331	0.0121682235653	2.16263651486	138425.190991	100166.401147
2725000.0	19765.4588661	2260014.64498	0.142954521227	174369.355942	0.012550072526	2.15725139299	137722.503403	99573.5640156
2750000.0	19874.019126	2348061.83274	0.143650018631	174369.169472	0.0129410724852	2.15194156355	137023.077298	98983.7137947
2775000.0	19982.8923304	2438857.0926	0.144338411626	174356.745976	0.0133418763481	2.14685461766	136340.128974	98406.3783325
2800000.0	20092.081487	2532478.78424	0.145026385556	174340.823307	0.0137520101226	2.14179501694	135661.18082	97833.2786175
2825000.0	20201.5868351	2628959.29043	0.145727833477	174332.809001	0.0141704756819	2.13642571014	134959.934367	97246.3108098
2850000.0	20311.412252	2728351.21301	0.1464418456	174331.666811	0.0145973830177	2.13079142276	134239.503531	96647.4835667
2875000.0	20421.566004	2830748.51386	0.147167125791	174336.014552	0.0150330018242	2.12494655629	133503.755184	96039.30216
2900000.0	20532.0514984	2936202.76981	0.147901789944	174343.994611	0.0154775329117	2.11895580262	132757.271989	95424.7837636
2925000.0	20642.8688698	3044738.63081	0.148643371283	174353.565515	0.0159311407966	2.11289115575	132005.323461	94807.4212
2950000.0	20754.0287509	3156483.64006	0.149389144901	174362.204249	0.0163943409615	2.10682810379	131253.604556	94191.0732967
2975000.0	20865.5294771	3271458.86218	0.150135545748	174367.197969	0.0168673931106	2.10085038461	130508.675172	93580.2200221
3000000.0	20977.3740744	3389739.59456	0.150878463099	174365.323215	0.0173507669045	2.09504374066	129777.492121	92979.6883223
3025000.0	21089.5669912	3511431.3067	0.151613051545	174353.206009	0.0178450880466	2.0895001653	129067.918344	92395.0656266
3050000.0	21202.1029037	3636556.18767	0.152344904602	174339.45766	0.0183495678507	2.08407438125	128371.422705	91820.6479353
3075000.0	21314.9878648	3765245.64978	0.153081697132	174330.819589	0.0188638109803	2.07857991061	127673.580326	91246.6110486
3100000.0	21428.2202916	3897507.38295	0.153833824396	174327.852429	0.0193873745524	2.07279059878	126951.282975	90656.6406001
3125000.0	21541.8110887	4033444.39369	0.154600985662	174329.798675	0.0199204474479	2.06672859921	126206.527149	90052.1796483
3150000.0	21655.7664663	4173119.69557	0.155380762313	174335.372078	0.0204632121752	2.06046069789	125445.234502	89437.313589
3175000.0	21770.0867391	4316546.02224	0.156170256216	174343.038715	0.0210157651136	2.05405884372	124673.775988	88816.445913
3200000.0	21884.7886451	4463917.58978	0.156966524243	174351.120938	0.0215787242443	2.04759576266	123898.467027	88193.9570177
3225000.0	21999.8642951	4615188.3679	0.157765822009	174357.641107	0.0221521194377	2.04115301304	123126.312396	87574.640293
3250000.0	22115.3167573	4770440.61167	0.158564119846	174360.42259	0.02273637621	2.03481202197	122364.405708	86963.425675
3275000.0	22231.1570397	4929863.04022	0.159356691059	174356.741964	0.0233322756518	2.0286654609	121620.751488	86365.8815794
3300000.0	22347.3742007	5093431.03163	0.160139842055	174345.285011	0.0239399120415	2.0227756448	120900.887723	85785.7961504
3325000.0	22463.966838	5261228.69008	0.160920903364	174335.225266	0.0245583563661	2.01698258588	120194.520599	85216.2459979
3350000.0	22580.9348953	5433342.8308	0.16170543447	174329.241499	0.02518733262	2.01116866311	119490.971552	84649.7435942
3375000.0	22698.2891753	5609922.04464	0.162504622259	174327.521872	0.025826774024	2.00511450002	118767.677212	84070.4167047
3400000.0	22816.0298027	5790958.83521	0.163317093503	174329.370608	0.0264765521249	1.9988573756	118028.002431	83480.5586215
3425000.0	22934.1631771	5976530.13482	0.164140499646	174334.061797	0.0271368465051	1.99245441942	117277.029953	82883.6611143
3450000.0	23052.694535	6166713.96821	0.16497216265	174340.529739	0.0278078807181	1.98596235997	116520.027941	82283.4404651
3475000.0	23171.6278874	6361589.66436	0.165809116929	174347.643646	0.0284899092401	1.97944322656	115762.530325	81683.7252605
3500000.0	23290.9658668	6561238.16666	0.166648069659	174354.138283	0.0291832206736	1.97296009812	115010.312575	81088.5541272
3525000.0	23410.7096031	6765742.29028	0.167485407914	174358.419302	0.0298881802014	1.96657809944	114269.232203	80502.0401006
3550000.0	23530.8586004	6975187.04268	0.168317116197	174358.887088	0.0306051931795	1.96036511413	113545.379001	79928.4540929
3575000.0	23651.411768	7189675.49221	0.169138838881	174353.556864	0.0313347770192	1.95439042246	112844.908446	79372.1101687
3600000.0	23772.3630482	7409272.05105	0.169949111403	174342.895369	0.0320769959105	1.94866738909	112169.821438	78834.5007926
3625000.0	23893.710881	7634059.64804	0.170766204789	174335.086975	0.0328304332112	1.94285060311	111490.443162	78295.1115022
3650000.0	24015.4605946	7864118.27821	0.171595262202	174330.938464	0.0335949033325	1.93685256378	110798.111908	77747.848544
3675000.0	24137.6191609	8099548.34999	0.172434563064	174330.049588	0.0343705094867	1.93071375942	110096.334091	77195.0376397
3700000.0	24260.1894438	8340411.48794	0.173281994097	174331.993507	0.0351573346297	1.9244800518	109388.953842	76639.2406594
3725000.0	24383.174308	8586784.19632	0.174135311408	174336.189542	0.0359555024327	1.91819746194	108680.018317	76083.2078245
3750000.0	24506.5753178	8838743.02626	0.174991964931	174341.948494	0.0367651870108	1.91191425418	107973.766419	75529.8395595
3775000.0	24630.3926251	9096364.79626	0.175849121234	174348.491027	0.037586592844	1.90567862707	107274.47315	74982.0843775
3800000.0	24754.6249781	9359726.73785	0.176703865448	174354.927019	0.0384199674349	1.89953876113	106586.425975	74442.9228193
3825000.0	24879.2695912	9628906.63802	0.177552871003	174360.292758	0.0392655979868	1.89354274959	105914.023904	73915.4473713
3850000.0	25004.3221477	9903983.11235	0.178392896991	174363.470796	0.0401238005717	1.8877372584	105261.501184	73402.6340165
3875000.0	25129.7858226	10185148.6792	0.17922774257	174362.909311	0.0409950626515	1.8820383048	104620.259878	72898.6059187
3900000.0	25255.6575656	10472436.1587	0.180061544167	174357.242336	0.0418794845629	1.87636794406	103982.120453	72397.6715582
3925000.0	25381.93512	10765882.2075	0.180894557892	174347.904819	0.0427767538569	1.87072228991	103347.479904	71900.0859279
3950000.0	25508.6190545	11065558.8215	0.181732525196	174341.100311	0.0436856678368	1.86500516391	102710.465762	71401.9546953
3975000.0	25635.7166933	11371640.9719	0.18257471431	174337.367385	0.0446063462761	1.85923435392	102072.877687	70904.4899277
4000000.0	25763.2298471	11684236.5996	0.183419263138	174336.45144	0.0455388988586	1.85344346217	101437.686445	70409.6827125
4025000.0	25891.148721	12003285.538	0.184264156233	174337.945982	0.0464831796078	1.84766895184	100807.908236	69919.5314732
4050000.0	26019.472886	12328890.2088	0.185107256734	174341.5107	0.0474393462076	1.84194586133	100186.592219	69436.1011632
4075000.0	26148.2129453	12661361.4993	0.185946198194	174346.766882	0.0484080060074	1.83631555682	99577.3921856	68961.9060662
4100000.0	26277.3477389	13000504.2083	0.186778806404	174353.036142	0.0493888173746	1.83080488947	98982.3911834	68498.3152336
4125000.0	26406.8791284	13346491.7234	0.187609080888	174359.265833	0.0503821712451	1.82532762514	98393.339424	68039.7973243
4150000.0	26536.8155735	13699565.0614	0.188438903363	174364.62096	0.0513884828904	1.81984787527	97806.4276577	67583.7098702
4175000.0	26667.1406315	14059524.0944	0.189267284853	174368.678711	0.0524073733759	1.81439127672	97223.470736	67131.1655797
4200000.0	26797.8720831	14426785.525	0.190092818172	174370.721125	0.0534396298694	1.80898722346	96646.751014	66683.6766782
4225000.0	26928.9944848	14801185.0662	0.19091429446	174370.194017	0.0544849904983	1.80366292407	96078.2555858	66242.4954921
4250000.0	27060.5124971	15182931.0524	0.19173011408	174366.313134	0.0555438987598	1.79844895152	95520.2964964	65809.113336
4275000.0	27192.4241478	15572130.27	0.192539038802	174358.84039	0.05661649132	1.79336544743	94974.6591593	65384.7329948
4300000.0	27324.7216343	15968777.9545	0.193344717289	174352.637483	0.0577014966574	1.78834962284	94437.8692404	64967.1072106
4325000.0	27457.4094874	16373117.1253	0.194147157068	174349.276839	0.0587988281224	1.78339816587	93910.5445329	64556.7541765
4350000.0	27590.4746478	16785055.4769	0.194945526994	174348.32626	0.0599083333248	1.77850331375	93392.0014358	64153.2934799
4375000.0	27723.9220639	17204843.2447	0.195741682808	174348.912798	0.061030472189	1.77359435616	92876.2340006	63752.8713393
4400000.0	27857.7443856	17632457.5135	0.196536082597	174350.837909	0.0621651227439	1.7686753448	92363.0968663	63355.2727322
4425000.0	27991.9403478	18067997.2533	0.19732859932	174353.880662	0.0633123537945	1.76375973012	91853.4094475	62960.9659931
4450000.0	28126.5138608	18511675.162	0.19811901476	174357.909036	0.0644724236258	1.75886328509	91348.2577806	62570.6180616
4475000.0	28261.4484398	18963259.6331	0.198907008345	174362.625832	0.0656449107879	1.75400314332	90848.5647535	62184.6980074
4500000.0	28396.7667273	19423388.7452	0.199691880196	174367.745989	0.0668307693745	1.74920062756	90355.971333	61804.2835688
4525000.0	28532.4421961	19891609.2108	0.200473064744	174372.985815	0.0680292396125	1.74447122891	89871.4290476	61429.9054337
4550000.0	28668.4836197	20368267.6351	0.20124969715	174377.933664	0.069240899834	1.73983795535	89396.5604079	61062.5920491
4575000.0	28804.8912733	20853534.0026	0.20202052042	174382.063969	0.0704660342941	1.73531662966	88932.6111787	60703.1865356
4600000.0	28941.649048	21347204.008	0.202783777285	174384.265392	0.0717045715067	1.73086674713	88476.7087202	60350.0834581
4625000.0	29078.7659314	21849681.312	0.203539200118	174383.825366	0.0729572445229	1.72648506041	88028.4684861	60003.0588354
4650000.0	29216.2365573	22361011.3599	0.204287793613	174380.208434	0.0742241684201	1.72217931062	87587.8068299	59661.8585052
4675000.0	29354.0498001	22881072.4861	0.205030534795	174373.550868	0.0755049749495	1.71794796266	87154.3858455	59326.1477274
4700000.0	29492.2097256	23410110.6358	0.205771297872	174367.691252	0.0767987381389	1.71374272034	86725.3145292	58993.9828695
4725000.0	29630.7231031	23948436.8865	0.20651152242	174363.884482	0.0781054323035	1.70955541319	86300.0887251	58664.9805916
4750000.0	29769.5757577	24495797.7792	0.207251693742	174361.97939	0.0794245225874	1.70539573751	85879.1364682	58339.2927776
4775000.0	29908.767312	25052293.2829	0.207991911777	174361.914559	0.0807560778369	1.70127419525	85462.9953965	58017.1974163
4800000.0	30048.3038249	25618200.5304	0.20873175941	174363.629866	0.0821003859686	1.69720250375	85052.4872045	57699.2018414
4825000.0	30188.1861836	26193698.5494	0.209466626365	174366.338119	0.0834578749879	1.69316793377	84647.6304703	57385.7488185
4850000.0	30328.4015853	26778627.746	0.210196316095	174369.739183	0.0848283479591	1.68916228165	84247.7318624	57076.4337338
4875000.0	30468.9474017	27373091.0737	0.21092175556	174373.622601	0.086211844113	1.68518630205	83852.4605433	56770.9326317
4900000.0	30609.821774	27977191.6586	0.211644127942	174377.868299	0.087608440085	1.68124015691	83461.5176838	56468.981268
4925000.0	30751.0286685	28591186.4579	0.212364318642	174382.266592	0.0890183962068	1.67732842117	83074.8697378	56170.4452426
4950000.0	30892.5687554	29215216.5658	0.21308349463	174386.64828	0.0904418383615	1.67345413059	82692.3908079	55875.1454648
4975000.0	31034.4354956	29849181.6059	0.213802417803	174390.729048	0.0918785683333	1.6696236671	82314.1190889	55582.9730978
5000000.0	31176.6297557	30493184.6835	0.214522036586	174394.305602	0.0933286470624	1.66584448873	81940.2080346	55293.8911311
5025000.0	31319.1528648	31147329.2853	0.215241492201	174397.006678	0.0947922150952	1.66212498125	81571.2392034	55008.2798685
5050000.0	31462.004074	31811720.3958	0.215955272517	174398.006727	0.0962697340385	1.65847099897	81208.5693319	54727.4188225
5075000.0	31605.1808361	32486465.1869	0.216662637409	174396.858356	0.0977613904975	1.65488391728	80852.1879964	54451.2784198
5100000.0	31748.6810505	33171671.1707	0.217364665482	174393.187108	0.0992673386082	1.65136383125	80501.714599	54179.5056639
5125000.0	31892.5039349	33867467.6847	0.21806270475	174387.233517	0.10078752398	1.64790231624	80156.4347278	53911.5764366
5150000.0	32036.6526155	34574078.8328	0.218761175194	174382.282426	0.102320839602	1.64445348895	79813.5889786	53645.6657163
5175000.0	32181.1225888	35291434.8307	0.219461893559	174378.805149	0.10386688819	1.64100807556	79472.2954055	53381.1119006
5200000.0	32325.9152259	36019629.1763	0.220166282605	174376.854351	0.105425583962	1.63756516197	79132.1709603	53117.5393858
5225000.0	32471.0327705	36758754.6249	0.220875612815	174376.320798	0.106996925726	1.6341238244	78792.9130948	52854.6893173
5250000.0	32616.477772	37508903.0484	0.22158806213	174377.06306	0.108580999925	1.63069022476	78455.3355785	52593.2056404
5275000.0	32762.2501288	38270167.0598	0.222298794706	174378.568679	0.110178053014	1.62727128754	78120.9411164	52334.4288049
5300000.0	32908.3488284	39042639.3589	0.223008565681	174380.763383	0.111788143957	1.62386868843	77789.3686876	52078.017087
5325000.0	33054.7736263	39826411.809	0.223718538416	174383.569249	0.11341127268	1.62048267235	77460.0770261	51823.4760624
5350000.0	33201.5250143	40621575.2046	0.224429879774	174386.822028	0.115047425529	1.61711380005	77132.629109	51570.3990481
5375000.0	33348.6042785	41428219.3566	0.225143777581	174390.446688	0.116696618257	1.61376149856	76806.5058293	51318.3238645
5400000.0	33496.0134545	42246432.8141	0.225861392646	174394.299663	0.118358828863	1.61042743922	76481.3396053	51066.8576893
5425000.0	33643.755342	43076303.0754	0.226583961819	174398.2413	0.120034054352	1.60711089653	76156.710697	50815.6181324
5450000.0	33791.8338742	43917930.5946	0.227312195681	174402.114852	0.121722314626	1.60381302346	75832.3804625	50564.3352797
5475000.0	33940.2579127	44771615.3853	0.22804199095	174405.449079	0.123424079912	1.60054189851	75509.8136257	50314.2213422
5500000.0	34089.0226132	45637256.7865	0.228771587436	174407.926214	0.125139313839	1.597300323	75189.553355	50065.7447642
5525000.0	34238.128462	46514941.33	0.229501366178	174409.375231	0.126868069116	1.59408826521	74871.5738704	49818.8962265
5550000.0	34387.5761265	47404754.2898	0.230231492929	174409.540817	0.128610309958	1.5909065678	74555.8866845	49573.6576248
5575000.0	34537.3664932	48306779.9143	0.230962216957	174408.224178	0.130366182494	1.58775669897	74242.5129799	49330.0529504
5600000.0	34687.500578	49221101.0678	0.231693721344	174405.159316	0.132135707012	1.58463963128	73931.458057	49088.0808849
5625000.0	34837.9796159	50147798.9491	0.232426669286	174400.414492	0.133918865244	1.5815548408	73622.5929388	48847.6469725
5650000.0	34988.8055711	51086949.8127	0.233164823956	174396.048855	0.135714602583	1.57847452794	73314.0550363	48607.499633
5675000.0	35139.9854431	52038764.9903	0.233908717003	174392.882333	0.137522714516	1.57539062441	73005.3946523	48367.3531111
5700000.0	35291.530562	53003650.7874	0.234656364842	174390.685212	0.139343661057	1.57230652475	72697.1175983	48127.621972
5725000.0	35443.4305943	53981248.119	0.235407813366	174389.396343	0.141176907166	1.56922192148	72389.1911739	47888.2701692
5750000.0	35595.6872261	54971620.7598	0.236163469333	174388.935014	0.143022426385	1.56613591128	72081.4834649	47649.2069793
5775000.0	35748.3023227	55974829.6727	0.236923707229	174389.27108	0.144880084042	1.56304855212	71773.9311477	47410.363153
5800000.0	35901.2779045	56990933.0083	0.237688968974	174390.341216	0.146749840679	1.55995920819	71466.3884055	47171.6249203
5825000.0	36054.6345835	58020640.0405	0.238460012819	174392.110048	0.148632188982	1.55686771896	71158.751609	46932.8986889
5850000.0	36208.3646443	59063631.7965	0.239237351153	174394.483254	0.150526669029	1.5537737602	70850.8777257	46694.0578942
5875000.0	36362.4649004	60119746.645	0.240020778241	174397.280547	0.152433130317	1.55067971434	70542.788236	46455.0842535
5900000.0	36516.9378663	61189034.1796	0.240809214518	174400.279974	0.154351681692	1.54758849417	70234.7072361	46216.1454138
5925000.0	36671.7964257	62271923.279	0.241602373093	174403.386444	0.156282647396	1.54450144606	69926.8685281	45977.4331108
5950000.0	36827.0535436	63368850.5195	0.242400043245	174406.460877	0.158226319088	1.5414193696	69619.4646601	45739.1158151
5975000.0	36982.6910948	64479164.0815	0.243201598692	174409.500418	0.160181981939	1.53834286801	69312.6705319	45501.3262987
6000000.0	37138.7103881	65602903.2388	0.244006955765	174412.311698	0.162149568323	1.53527306831	69006.6343749	45264.1808209
6025000.0	37295.1335748	66740841.8834	0.24481593584	174414.842859	0.164129688093	1.53221090356	68701.5347449	45027.8288441
6050000.0	37451.959682	67892945.2362	0.245628477485	174416.949662	0.16612219668	1.52915729452	68397.5090753	44792.3696157
6075000.0	37609.1731283	69058663.8957	0.246444488378	174418.476587	0.168126631355	1.52611172649	68094.4299033	44557.7000056
6100000.0	37766.7818606	70238264.0799	0.24726407724	174419.03539	0.170143358223	1.52307455476	67792.0739776	44323.6204148
6125000.0	37924.8187164	71432892.8374	0.248086593203	174418.547166	0.172173272998	1.52005046799	67490.8615996	44090.4320353
6150000.0	38083.2481259	72641314.509	0.248910971337	174416.851994	0.174215265019	1.51704253886	67191.0673663	43858.3416131
6175000.0	38242.0721019	73863626.9528	0.249736330644	174413.908449	0.176269270616	1.51405435222	66893.0191345	43627.5801947
6200000.0	38401.3362775	75101493.147	0.250562272816	174409.583192	0.178336631191	1.51109162083	66597.1952797	43398.4952582
6225000.0	38560.9941454	76353307.4281	0.251391214466	174405.483802	0.180414998999	1.50813466842	66302.2035534	43170.1287432
6250000.0	38721.0543043	77619374.5723	0.252224474228	174402.297369	0.182504079929	1.50517712918	66007.6075089	42942.1726907
6275000.0	38881.5570235	78901110.6733	0.253063257203	174400.022632	0.184604923575	1.50221666153	65713.1185219	42714.4243018
6300000.0	39042.458117	80196903.8673	0.253908193607	174398.380759	0.186716416017	1.49924935193	65418.0797043	42486.3394922
6325000.0	39203.7859459	81507704.6935	0.25475902716	174397.396385	0.18883908024	1.49627662155	65122.7647966	42258.1481207
6350000.0	39365.5512487	82833849.5023	0.255615111496	174397.024141	0.190973066761	1.49330026628	64827.4648029	42030.1120641
6375000.0	39527.7202707	84174135.3181	0.256475352465	174397.211305	0.193117286644	1.49032256578	64532.4565309	41802.4307887
6400000.0	39690.3524504	85530637.8016	0.257339565205	174397.962929	0.195273112316	1.48734526388	64238.1073947	41575.4387689
6425000.0	39853.399281	86901667.6016	0.25820671682	174399.214798	0.197439123123	1.48437045833	63944.6363496	41349.2901712
6450000.0	40016.8816939	88287979.8008	0.259076303376	174400.949867	0.199615863967	1.48139995389	63652.3116067	41124.2141914
6475000.0	40180.8126111	89690040.757	0.259950022098	174402.951309	0.201803629812	1.47842920611	63360.4439781	40899.6684395
6500000.0	40345.1563861	91106574.3788	0.260828243666	174405.056856	0.204001599594	1.47545603027	63068.6761485	40675.3600227
6525000.0	40509.9813913	92539947.3286	0.26171085275	174407.301816	0.20621134546	1.47248286798	62777.4139533	40451.6264531
6550000.0	40675.2156165	93987634.2569	0.262596298053	174409.64122	0.208430923664	1.4695124799	62486.9381838	40228.6409199
6575000.0	40840.9283267	95452071.3498	0.263484256831	174412.026024	0.210661836441	1.46654822054	62197.7527834	40006.8107684
6600000.0	41007.0650365	96931382.4845	0.264373383111	174414.467327	0.212902688213	1.46359279774	61910.0724723	39786.2624544
6625000.0	41173.6672357	98427075.8757	0.265262957692	174416.888237	0.215154377089	1.46065077972	61624.460742	39567.4398525
6650000.0	41340.7073751	99938250.2706	0.266152795104	174419.250701	0.217416220438	1.45772212104	61340.7949251	39350.2220182
6675000.0	41508.2041538	101465604.346	0.267044759689	174421.236348	0.219688948877	1.45480085574	61058.3274605	39134.0649718
6700000.0	41676.1496032	103008870.234	0.267938531527	174422.800507	0.221972306421	1.45188811502	60777.1074398	38919.0021365
6725000.0	41844.5498351	104568294.326	0.268833088321	174423.883859	0.224266223069	1.44898805967	60497.4746446	38705.2556072
6750000.0	42013.4030086	106143867.515	0.269727509338	174424.37704	0.226570563289	1.44610550107	60219.8139282	38493.0854408
6775000.0	42182.7119255	107735765.673	0.270620755886	174424.253591	0.228885312209	1.44324406405	59944.4527664	38282.7246134
6800000.0	42352.4695774	109343840.546	0.271511769557	174423.438675	0.231210246696	1.44040760253	59671.7257036	38074.401497
6825000.0	42522.6869421	110968609.899	0.272399548425	174421.811825	0.233545584427	1.43760093643	59402.0113392	37868.3684412
6850000.0	42693.3410334	112609361.277	0.273285509112	174419.144471	0.235891074083	1.4348199713	59134.6335625	37664.0929436
6875000.0	42864.4652781	114267398.231	0.274170680358	174415.515187	0.238247488552	1.43205992969	58869.1571538	37461.268884
6900000.0	43036.0110473	115940986.011	0.275057074081	174412.060668	0.240612976388	1.42930809543	58604.781755	37259.3611307
6925000.0	43208.0464207	117632675.505	0.27594482064	174409.19449	0.242988586391	1.42656080044	58341.6452524	37058.572099
6950000.0	43380.4911045	119339543.225	0.27683295846	174406.859517	0.245372585063	1.42381877702	58079.7990434	36858.9201117
6975000.0	43553.4328674	121064923.114	0.277720693032	174405.183255	0.247766567212	1.42108293518	57819.7731493	36660.8909089
7000000.0	43726.7936733	122805991.897	0.278607346443	174404.111939	0.250168907199	1.41835361758	57561.560826	36464.4642845
7025000.0	43900.6198257	124564580.597	0.27949343156	174403.595885	0.25258070407	1.41562821449	57305.0922585	36269.6479969
7050000.0	44074.896752	126340201.584	0.280379893943	174403.434578	0.255001811248	1.41290502074	57049.8413582	36075.9838208
7075000.0	44249.602243	128132063.42	0.281266519866	174403.609074	0.257431686298	1.41018576676	56795.8861538	35883.5095962
7100000.0	44424.7983736	129942588.986	0.282152645733	174404.111901	0.259871475123	1.40747450044	56543.6880621	35692.5895142
7125000.0	44600.4086771	131768943.022	0.283037914982	174404.92082	0.262319415891	1.40477400041	56293.1940155	35503.0845524
7150000.0	44776.4934901	133613532.284	0.283921258258	174406.110687	0.264776519745	1.40208926747	56044.9309286	35315.3957569
7175000.0	44953.0226835	135475312.803	0.284802103318	174407.587038	0.267242230569	1.39942380491	55799.0390114	35129.5873442
7200000.0	45129.969491	137353363.38	0.28568065263	174409.301368	0.269716107456	1.3967783509	55555.3382191	34945.4812587
7225000.0	45307.413325	139250895.953	0.286557351297	174411.072829	0.272200008046	1.39415404978	55313.8428337	34763.1091823
7250000.0	45485.2702499	141164710.841	0.287432116669	174412.881965	0.274692229259	1.39154630208	55074.1852897	34582.1990422
7275000.0	45663.5677327	143095994.05	0.288304273587	174414.709713	0.277193290164	1.38895578775	54836.6273241	34402.9830751
7300000.0	45842.3358752	145046071.276	0.289173055001	174416.603723	0.279703578407	1.38638299423	54601.4768769	34225.7279799
7325000.0	46021.5151726	147012700.388	0.29003812591	174418.531325	0.282221859047	1.38382388012	54368.5270923	34050.3063361
7350000.0	46201.1423902	148997518.216	0.290898872465	174420.535597	0.28474871174	1.38127998242	54138.1686619	33877.0365847
7375000.0	46381.2222558	151000895.614	0.291754833424	174422.496508	0.287284460432	1.37874853046	53910.412222	33705.9956441
7400000.0	46561.7088102	153021089.535	0.292607108766	174424.226543	0.289828573983	1.37622783462	53684.7812128	33536.7855474
7425000.0	46742.6366331	155059675.203	0.29345520679	174425.673775	0.292381678889	1.37372110465	53461.5249097	33369.5835741
7450000.0	46924.0124637	157117100.149	0.294298496957	174426.849447	0.294943816785	1.37123213211	53240.798336	33204.4666278
7475000.0	47105.790835	159191609.693	0.295137114027	174427.751825	0.297514010828	1.36876196182	53022.4648667	33041.2809007
7500000.0	47287.989741	161284144.548	0.295970188802	174428.36706	0.300092418644	1.3663146643	52806.7854645	32880.198884
7525000.0	47470.6423232	163396345.482	0.296796932542	174428.653309	0.302679606482	1.36389725908	52594.1295853	32721.4275091
7550000.0	47653.6902186	165525888.307	0.297617825664	174428.517507	0.305274695456	1.36150595789	52384.0839667	32564.667791
7575000.0	47837.1312979	167672859.03	0.298433100564	174427.806199	0.307877844786	1.35913932921	52176.5369758	32409.838602
7600000.0	48021.0253319	169840137.196	0.299241788857	174426.348867	0.310490486139	1.35680067488	51971.9024732	32257.2767502
7625000.0	48205.3160999	172025413.076	0.300044302158	174424.243526	0.313111400605	1.35448631308	51769.8606532	32106.7375054
7650000.0	48389.9925117	174228377.71	0.300840665273	174421.501262	0.315740381915	1.35219496809	51570.3987167	31958.2263363
7675000.0	48575.0688806	176449894.692	0.301631190386	174418.476036	0.318377511796	1.34992315142	51373.4493992	31811.7495275
7700000.0	48760.5753315	178691585.424	0.30241625595	174415.915206	0.321022937602	1.34766610051	51178.9080901	31667.2816571
7725000.0	48946.4601353	180951212.885	0.303196619794	174413.707265	0.323676062707	1.34542146296	50986.450087	31524.5963802
7750000.0	49132.7216435	183228861.044	0.30397196951	174411.767587	0.326336979793	1.34319059052	50796.0606032	31383.6581916
7775000.0	49319.3786246	185525619.247	0.304742035477	174410.137328	0.329006031485	1.34097374236	50607.8090611	31244.5203366
7800000.0	49506.448212	187842540.189	0.305506322286	174408.823035	0.331683261649	1.33877277164	50421.9160903	31107.3258058
7825000.0	49693.8872125	190177722.011	0.306265090146	174407.873458	0.334367600449	1.33658652872	50238.1142251	30971.8143699
7850000.0	49881.6929736	192531243.013	0.307018066106	174407.304142	0.337058815475	1.33441571483	50056.4842064	30838.0305565
7875000.0	50069.8660374	194903352.652	0.307765043151	174407.141442	0.339756750434	1.33226071804	49877.0831059	30706.0000754
7900000.0	50258.4515433	197296625.926	0.308504384916	174407.205361	0.342462901969	1.33012445328	49700.2576901	30576.0039261
7925000.0	50447.3936233	199708461.263	0.309237292005	174407.473074	0.345176278135	1.32800378252	49525.7084164	30447.8515189
7950000.0	50636.689354	202138938.561	0.309963566274	174407.946617	0.347896933145	1.32589907918	49353.3578335	30321.4860213
7975000.0	50826.3358145	204588137.008	0.31068362543	174408.610805	0.350624787175	1.32381093617	49183.2074205	30196.9079789
8000000.0	51016.3454987	207056979.777	0.311396714799	174409.505998	0.353360235767	1.32174084474	49015.313759	30074.1657639
8025000.0	51206.7327116	209546525.664	0.312103303413	174410.651803	0.356103434036	1.31969064576	48849.7845841	29953.3360345
8050000.0	51397.4607497	212055013.225	0.312803136316	174411.962517	0.358854058482	1.31765937004	48686.4387587	29834.2746792
8075000.0	51588.526532	214582522.595	0.313495738741	174413.322188	0.361612299802	1.31564706808	48525.3967567	29717.0871823
8100000.0	51779.9268124	217129134.395	0.314181211728	174414.706129	0.36437811007	1.31365509671	48366.6597239	29601.7295751
8125000.0	51971.6582916	219694927.653	0.314859386307	174416.146169	0.367151224814	1.31168344726	48210.1966955	29488.1581567
8150000.0	52163.7558694	222282256.944	0.315529785736	174417.642834	0.369932384603	1.30973560167	48056.2540928	29376.5338979
8175000.0	52356.1796824	224889085.515	0.316193060293	174419.231482	0.37272053467	1.30780966585	47904.5720014	29266.6269047
8200000.0	52548.9231806	227515302.654	0.316849393572	174420.887089	0.37551548056	1.30590579454	47755.1157549	29158.4135799
8225000.0	52741.9828863	230160983.037	0.317498556213	174422.458847	0.378317574585	1.30402621004	47607.9672289	29051.9473645
8250000.0	52935.3552315	232826203.026	0.318140120431	174423.920038	0.381126905978	1.30217083122	47463.137199	28947.2469244
8275000.0	53129.0365363	235511039.16	0.318773919696	174425.270637	0.383943535618	1.30033753809	47320.5954363	28844.3245175
8300000.0	53323.042044	238216816.752	0.319399170151	174426.521407	0.386767900401	1.29852486621	47180.472311	28743.335995
8325000.0	53517.3616261	240943268.712	0.320015603323	174427.652061	0.389599657478	1.29673098662	47042.746892	28644.2672726
8350000.0	53711.9764628	243689533.16	0.320623304775	174428.714702	0.39243853395	1.29495257717	46907.3230633	28547.095629
8375000.0	53906.8819707	246455684.078	0.32122188656	174429.624595	0.395284768583	1.29318966908	46774.1974213	28451.8131835
8400000.0	54102.0737456	249241797.452	0.321811310573	174430.280368	0.398138718361	1.29144410642	46643.3932911	28358.4232886
8425000.0	54297.5471877	252047949.85	0.32239122994	174430.645528	0.401000277142	1.28971715375	46514.9831503	28266.9716099
8450000.0	54493.2974593	254874217.14	0.322961453512	174430.733386	0.403869300858	1.28800906393	46388.9752728	28177.4625784
8475000.0	54689.3196248	257720673.152	0.323521936626	174430.528445	0.406745623844	1.28632095456	46265.3916389	28089.8990162
8500000.0	54885.6209006	260588350.849	0.324072009633	174430.0004	0.409629494343	1.28465403466	46144.3699887	28004.3917056
8525000.0	55082.1928868	263477144.795	0.324611444234	174429.148398	0.412520793164	1.28300985305	46026.0429934	27921.0356816
8550000.0	55279.0186265	266386305.279	0.325137893967	174427.8428	0.415419733242	1.2813884387	45910.5559817	27839.9701493
8575000.0	55476.09148	269315906.709	0.325652563498	174426.028668	0.418326489296	1.27978945386	45797.8099551	27761.1129612
8600000.0	55673.4059743	272266022.252	0.326157719741	174423.74248	0.421240828463	1.27821154525	45687.4430181	27684.1372017
8625000.0	55870.9577786	275236723.109	0.326655511865	174421.276433	0.42416241079	1.27665213773	45579.0668991	27608.7136929
8650000.0	56068.7438344	278228076.932	0.327148679229	174419.058112	0.427090743623	1.27510832854	45472.2838579	27534.506238
8675000.0	56266.7623148	281240148.4	0.327639113519	174417.172862	0.430025743569	1.27357905511	45366.8106106	27461.2681029
8700000.0	56465.0120128	284273002.221	0.328126376397	174415.53414	0.432967557941	1.27206485951	45262.9765773	27389.3332165
8725000.0	56663.4910969	287326703.903	0.328609075823	174414.12672	0.435916332521	1.27056703761	45161.0228854	27318.9067756
8750000.0	56862.197047	290401319.715	0.329086240957	174412.937936	0.438872177716	1.26908635899	45060.7662585	27249.7795281
8775000.0	57061.1266953	293496914.583	0.329556719681	174411.959572	0.441835062247	1.26762165656	44961.9700536	27181.7321244
8800000.0	57260.2774386	296613669.974	0.330019490452	174411.203044	0.44480481797	1.26617319884	44864.3629958	27114.4651927
8825000.0	57459.6524838	299752423.236	0.330473333215	174410.702048	0.447781726156	1.26474131397	44767.7711039	27047.7847664
8850000.0	57659.2369562	302912289.091	0.330917432471	174410.425709	0.450765746824	1.26332574892	44671.9821025	26981.4871774
8875000.0	57859.0256963	306093331.92	0.331352192987	174410.220245	0.453757285669	1.2619277815	44577.1951418	26915.763078
8900000.0	58059.0137284	309295614.691	0.33177820544	174410.180183	0.456756126167	1.26054714575	44483.5795854	26850.7935635
8925000.0	58259.1967379	312519199.528	0.332196365063	174410.279777	0.45976210203	1.25918317986	44391.3730998	26786.8347591
8950000.0	58459.5707514	315764147.055	0.332607627898	174410.557849	0.462775038386	1.25783480618	44300.7592759	26724.1021608
8975000.0	58660.1322767	319030515.202	0.333012932623	174411.041741	0.465794792564	1.25650233919	44211.9510939	26662.8000779
9000000.0	58860.8783495	322318361.405	0.333412918856	174411.698368	0.468821398756	1.25518635618	44125.0596484	26603.0280744
9025000.0	59061.8061717	325627743.745	0.333807246023	174412.450417	0.471855270719	1.2538882174	44039.9706326	26544.6454493
9050000.0	59262.9125674	328958720.591	0.334194970986	174413.283949	0.47489639448	1.25260755524	43956.6196388	26487.5877862
9075000.0	59464.1938109	332311349.108	0.334575307254	174414.203333	0.477944574333	1.25134299221	43874.9774135	26431.8523944
9100000.0	59665.6455421	335685684.908	0.334947351363	174415.245525	0.480999633857	1.25009356894	43795.0493957	26377.4628279
9125000.0	59867.2627738	339081780.853	0.335310188055	174416.427825	0.484061416047	1.24885806837	43716.8212715	26324.4324261
9150000.0	60069.0400221	342499689.188	0.335662890737	174417.717339	0.487130039403	1.24763622002	43640.3422755	26272.8219616
9175000.0	60270.9712991	345939462.957	0.33600476353	174419.046981	0.49020590776	1.24642954955	43565.7415769	26222.7346476
9200000.0	60473.0505742	349401157.014	0.336335823706	174420.343694	0.493289283438	1.24523916765	43493.0758839	26174.2065031
9225000.0	60675.2720175	352884825.939	0.336656537043	174421.595691	0.496380147071	1.24406486802	43422.2973234	26127.1962478
9250000.0	60877.6300624	356390523.836	0.336967390308	174422.832882	0.499478438298	1.2429065999	43353.3448752	26081.6425413
9275000.0	61080.1194522	359918302.913	0.337268895466	174424.035296	0.502584119184	1.24176426723	43286.1443954	26037.4744287
9300000.0	61282.7351309	363468213.931	0.337561614383	174425.225339	0.505697087932	1.2406379139	43220.6567139	25994.6491705
9325000.0	61485.4723688	367040307.133	0.337845962226	174426.387785	0.508817368348	1.23952742176	43156.8156087	25953.104216
9350000.0	61688.3270199	370634637.067	0.338122414149	174427.484812	0.511946421301	1.23843274826	43094.5144844	25912.7832372
9375000.0	61891.2955649	374251264.207	0.338391464791	174428.493641	0.515084967779	1.23735382013	43033.6779877	25873.6366684
9400000.0	62094.3734581	377890222.271	0.338653884264	174429.565902	0.518226911421	1.23628931808	42974.3772083	25835.5628335
9425000.0	62297.5561186	381551537.896	0.338910117967	174430.616212	0.521375876794	1.23524021765	42916.4859227	25798.5334654
9450000.0	62500.8413874	385235276.684	0.339160298819	174431.612393	0.524531747188	1.23420631385	42859.968604	25762.5137351
9475000.0	62704.2252098	388941467.848	0.339403609397	174432.510107	0.527695061997	1.23318908218	42804.9625265	25727.6192269
9500000.0	62907.7033978	392670156.574	0.339638707759	174433.181333	0.530866371057	1.23219119554	42751.7095907	25694.046385
9525000.0	63111.2716467	396421389.026	0.339865423424	174433.607947	0.5340457454	1.23121128304	42700.1630437	25661.7753018
9550000.0	63314.9293872	400196265.169	0.340083939646	174433.781456	0.537233263207	1.23024980915	42650.3194308	25630.7837678
9575000.0	63518.6696867	403994156.623	0.340294600028	174433.711923	0.540428717994	1.22930529667	42602.0583569	25600.9882249
9600000.0	63722.4873383	407814832.526	0.340497694863	174433.415201	0.543631841692	1.22837663214	42555.3163844	25572.3411126
9625000.0	63926.3784154	411658334.264	0.340693545942	174432.865642	0.546842829326	1.22746292827	42509.981997	25544.760087
9650000.0	64130.3390499	415524700.999	0.340882477266	174432.053736	0.550061387941	1.22656320702	42466.0047062	25518.2100583
9675000.0	64334.3655571	419413970.526	0.341064844088	174431.020003	0.553287427791	1.22567712511	42423.3269742	25492.6362893
9700000.0	64538.4543786	423326178.452	0.341240732514	174429.723779	0.556520854411	1.22480313422	42381.8640963	25467.9929686
9725000.0	64742.6020723	427261358.791	0.341410490218	174428.171143	0.559761490997	1.22394047832	42341.541577	25444.2197687
9750000.0	64946.8052994	431219543.428	0.341574423502	174426.437878	0.563009254222	1.2230888179	42302.321498	25421.2830981
9775000.0	65151.0605896	435200761.359	0.341731859297	174424.677559	0.566264320056	1.22224811645	42264.3102234	25399.2913466
9800000.0	65355.3640951	439205041.84	0.341881657046	174423.044436	0.569526992823	1.2214194222	42227.7122083	25378.4281275
9825000.0	65559.7116738	443232416.94	0.342023742214	174421.547531	0.572797398477	1.22060391256	42192.5858918	25358.728787
9850000.0	65764.099251	447282914.688	0.34215856265	174420.1487	0.576075474538	1.21980072347	42158.8254684	25340.1069299
9875000.0	65968.523381	451356880.394	0.342286103398	174418.875411	0.579361378589	1.21901054091	42126.3886175	25322.5064771
9900000.0	66172.9828039	455456490.875	0.342406176302	174417.748363	0.582655573855	1.21823347378	42095.3163877	25305.9650433
9925000.0	66377.4702553	459579442.633	0.342519837654	174416.781716	0.585957360729	1.21746826483	42065.3755295	25290.2779663
9950000.0	66581.9823148	463725759.887	0.342627322986	174415.982573	0.589266543914	1.21671473987	42036.5277984	25275.4083888
9975000.0	66786.5157308	467895464.678	0.34272892815	174415.357573	0.592583200577	1.21597264921	42008.69127	25261.2826653
10000000.0	66991.0674126	472088577.102	0.342824955348	174414.907318	0.59590723038	1.21524170022	41981.7848335	25247.825646
10025000.0	67195.6344181	476305115.432	0.342915690787	174414.629911	0.599238526039	1.21452149015	41955.7490589	25234.9868157
10050000.0	67400.2139217	480545095.533	0.343001378223	174414.538994	0.602577006839	1.21381181301	41930.5315383	25222.7164231
10075000.0	67604.8031437	484808531.095	0.343081928844	174414.642128	0.605922706846	1.21311311672	41906.1198402	25210.9893698
10100000.0	67809.3992328	489095436.356	0.343156242448	174414.836367	0.609276325931	1.212426636	41882.6889812	25199.9687204
10125000.0	68013.9988664	493409068.294	0.343223185401	174415.061369	0.61263924283	1.21175512928	41860.4716279	25189.8261894
10150000.0	68218.5977246	497746951.422	0.343283718194	174415.37982	0.61601031002	1.21109588674	41839.322336	25180.4684185
10175000.0	68423.1926218	502108515.498	0.343338167704	174415.772722	0.61938932396	1.21044918398	41819.2058957	25171.8522262
10200000.0	68627.7804823	506493771.943	0.343386784798	174416.236764	0.62277612618	1.20981458943	41800.1041247	25163.9671182
10225000.0	68832.3583838	510902730.817	0.343429725618	174416.775803	0.626170731128	1.20919176366	41782.0032168	25156.8081077
10250000.0	69036.9235016	515335399.819	0.343467163525	174417.405239	0.629573054749	1.20858045557	41764.8903886	25150.3655842
10275000.0	69241.4730774	519791783.39	0.343499373972	174418.145024	0.632982814383	1.20798036715	41748.7500289	25144.6230017
10300000.0	69446.0034935	524273074.567	0.343526335731	174418.983635	0.636400597994	1.20739203806	41733.6173462	25139.6070572
10325000.0	69650.5091672	528781753.969	0.343547762542	174419.939439	0.639826755787	1.20681561012	41719.5424912	25135.3568117
10350000.0	69854.9903119	533314332.243	0.343564552078	174421.020833	0.643260169047	1.20624923473	41706.3914004	25131.783635
10375000.0	70059.4445711	537870806.081	0.343576568806	174422.208555	0.646700914998	1.20569305345	41694.1716931	25128.8930967
10400000.0	70263.8693315	542451173.523	0.343583118339	174423.417767	0.650149446014	1.20514797676	41682.9660085	25126.7527843
10425000.0	70468.2618167	547055432.363	0.343583710837	174424.610313	0.653606046431	1.20461455477	41672.825073	25125.4046223
10450000.0	70672.6192251	551683578.559	0.343578551148	174425.841523	0.657070545692	1.20409235724	41663.7043145	25124.8125618
10475000.0	70876.9328624	556339124.995	0.343567437775	174427.02097	0.660544247358	1.20358287324	41655.7049723	25125.0497332
10500000.0	71081.2012367	561020867.752	0.343550857535	174428.178625	0.664026633038	1.2030846433	41648.6986444	25126.0214785
10525000.0	71285.4255226	565726679.74	0.343529637583	174429.337468	0.667516942615	1.20259677425	41642.5728345	25127.636589
10550000.0	71489.6036467	570456550.231	0.343504033759	174430.486227	0.671015194482	1.20211899645	41637.27937	25129.8543044
10575000.0	71693.7337204	575210466.22	0.343474316345	174431.618391	0.674521325863	1.20165094388	41632.7706571	25132.6364971
10600000.0	71897.8140275	579988412.528	0.343440784531	174432.738512	0.678035185624	1.20119225154	41629.0053018	25135.950689
10625000.0	72101.8336154	584794513.629	0.343403132358	174433.83629	0.681558033254	1.20074430361	41626.0584092	25139.839493
10650000.0	72305.7936801	589627181.087	0.343362008899	174434.939307	0.685089498409	1.20030647776	41623.838841	25144.2315508
10675000.0	72509.6980332	594484040.537	0.343317688343	174436.027577	0.688628570354	1.19987800117	41622.2743237	25149.0652983
10700000.0	72713.5451134	599365070.514	0.343269417808	174437.063128	0.692175646346	1.19946009341	41621.4745004	25154.4310467
10725000.0	72917.3332067	604270248.473	0.34321658144	174438.008577	0.695731069824	1.1990535864	41621.5242843	25160.4015309
10750000.0	73121.0582065	609200413.517	0.343158992852	174438.832455	0.699295075896	1.19865847823	41622.4373596	25166.9875931
10775000.0	73324.7025371	614161258.802	0.34309636629	174439.509136	0.702869666302	1.19827619143	41624.3135173	25174.2563546
10800000.0	73528.2808338	619146417.219	0.343030007496	174440.085286	0.706452434829	1.19790363161	41626.9061784	25182.0224172
10825000.0	73731.7917665	624155859.316	0.3429602615	174440.547805	0.710043363443	1.19754018397	41630.1646171	25190.2489652
10850000.0	73935.2341807	629189553.04	0.342887471569	174440.88773	0.713642416704	1.19718531178	41634.0473413	25198.9049551
10875000.0	74138.6070909	634247463.747	0.342811969442	174441.101418	0.71724953281	1.19683856836	41638.5224054	25207.9649925
10900000.0	74341.8859883	639337493.376	0.342733364506	174441.140411	0.720867020741	1.19650158609	41643.6887562	25217.4866477
10925000.0	74545.0915278	644452203.156	0.342652750317	174441.054368	0.724492477748	1.19617174877	41649.3415456	25227.3222136
10950000.0	74748.2240873	649591266.891	0.342570518531	174440.831575	0.728125797214	1.19584865191	41655.4408584	25237.4404218
10975000.0	74951.2833315	654754640.506	0.342486824413	174440.457265	0.731766886468	1.19553207635	41661.9709644	25247.829311
11000000.0	75154.2662692	659943185.947	0.342401564419	174439.907597	0.735415853152	1.19522212979	41668.9498294	25258.5020292
11025000.0	75357.1494379	665164102.335	0.342312292143	174439.051434	0.739075974791	1.19492366214	41676.7625335	25269.7448704
11050000.0	75559.9557484	670409459.854	0.342220314775	174437.946806	0.742744315699	1.19463396223	41685.1797092	25281.3862516
11075000.0	75762.6845541	675679209.133	0.342125955783	174436.595609	0.746420923442	1.19435262026	41694.1543574	25293.3938199
11100000.0	75965.3353073	680973297.434	0.34202944195	174435.028561	0.750105780445	1.19407932687	41703.6542609	25305.7455389
11125000.0	76167.8922766	686296341.048	0.341930413304	174433.336609	0.753800224684	1.19381552699	41713.7787605	25318.5052837
11150000.0	76370.3522021	691648912.041	0.341828806973	174431.780738	0.757503847077	1.19355999653	41724.5241027	25331.6875068
11175000.0	76572.7308656	697025935.4	0.341725292664	174430.352579	0.76121527197	1.19331131383	41735.7431574	25345.1851145
11200000.0	76775.0279389	702427347.059	0.341620091751	174429.054624	0.764934433828	1.19306921908	41747.402819	25358.972238
11225000.0	76977.2411448	707853676.131	0.341513418066	174427.888601	0.768661358165	1.19283348371	41759.4783178	25373.0291614
11250000.0	77179.3379599	713314296.188	0.341405150695	174426.910875	0.772398908287	1.19260607934	41772.0854605	25387.4291068
11275000.0	77381.3513322	718799397.031	0.341295981656	174426.091182	0.776143701719	1.19238405335	41785.0133862	25402.0229329
11300000.0	77583.2812107	724308905.354	0.341185392708	174425.390345	0.779896101722	1.19216829001	41798.3418524	25416.8774875
11325000.0	77785.1274756	729842744.261	0.341072877131	174424.775033	0.78365639879	1.19195963845	41812.1502748	25432.0582219
11350000.0	77986.8569035	735410026.109	0.340956816137	174424.283756	0.787427264771	1.19176205657	41826.7716142	25447.7987884
11375000.0	78188.4918893	741003950.544	0.340838275211	174423.896784	0.791206896603	1.19157246213	41841.961991	25463.9292312
11400000.0	78390.0395951	746622287.25	0.340717697598	174423.596801	0.794994326163	1.19138976109	41857.6346597	25480.3836789
11425000.0	78591.499756	752264950.758	0.34059528258	174423.379923	0.798789416302	1.19121360536	41873.7550494	25497.1335945
11450000.0	78792.840669	757940473.335	0.340470794579	174423.28822	0.802595107707	1.19104573877	41890.4042793	25514.2224868
11475000.0	78994.0794308	763643945.331	0.340344938117	174423.287552	0.806409660856	1.190883992	41907.4285375	25531.5423374
11500000.0	79195.2288372	769371809.551	0.340218148219	174423.365624	0.810231787102	1.19072711279	41924.7477214	25549.0384721
11525000.0	79396.2891139	775123970.07	0.340090612092	174423.52557	0.814061389659	1.19057477091	41942.3342829	25566.6891604
11550000.0	79597.2252051	780909948.769	0.339962411535	174423.834035	0.817901583804	1.19042826346	41960.2139909	25584.4893923
11575000.0	79798.0598546	786723621.689	0.339834162229	174424.235611	0.821750301163	1.19028539658	41978.2584783	25602.3607787
11600000.0	79998.8055279	792561637.008	0.339705649096	174424.725406	0.825606431367	1.19014600403	41996.4794047	25620.3170537
11625000.0	80199.4627096	798423887.383	0.339576652926	174425.304144	0.829469920829	1.19001035356	42014.9079025	25638.3816446
11650000.0	80399.9861127	804322571.9	0.339445035628	174425.94143	0.833345226171	1.18988291539	42033.9292259	25656.8382605
11675000.0	80600.4141135	810247028.563	0.33931189715	174426.631654	0.837228776854	1.1897609463	42053.3257748	25675.5364152
11700000.0	80800.7520195	816195755.972	0.33917755124	174427.368609	0.841120093319	1.1896438893	42073.0495246	25694.4430566
11725000.0	81000.9916991	822170869.231	0.339042144681	174428.152876	0.845019853203	1.18953190555	42093.0997008	25713.5551075
11750000.0	81201.0957191	828182356.428	0.338905829316	174429.001452	0.84893093463	1.18942625681	42113.5037909	25732.8688238
11775000.0	81401.1092631	834218138.838	0.338769255701	174429.887414	0.852849580175	1.18932470344	42134.1068988	25752.2852996
11800000.0	81601.0329295	840278091.158	0.338632565957	174430.808195	0.856775727556	1.18922706861	42154.885803	25771.7866535
11825000.0	81800.8387884	846369819.588	0.338496040803	174431.769305	0.860711667065	1.189134159	42175.8404842	25791.3571548
11850000.0	82000.5280971	852493213.538	0.338360152994	174432.784166	0.864657331401	1.1890456204	42196.9063112	25810.9424885
11875000.0	82200.1290762	858640779.68	0.338224974177	174433.828786	0.868610315277	1.18896023796	42218.025287	25830.513561
11900000.0	82399.6425647	864812379.898	0.33809059856	174434.898059	0.872570526531	1.18887792441	42239.1831078	25850.0589262
11925000.0	82599.0152238	871023115.08	0.337957254284	174436.023467	0.876542427358	1.18880132669	42260.4435069	25869.5834534
11950000.0	82798.2984459	877258812.51	0.337823236137	174437.135608	0.880522196484	1.18873048698	42281.9833136	25889.2607035
11975000.0	82997.4956025	883518526.272	0.337688616159	174438.242552	0.884509551655	1.18866493883	42303.777576	25909.0765963
12000000.0	83196.5790581	889809956.715	0.337553308146	174439.360009	0.888506961707	1.18860580899	42325.8749037	25929.0565464
12025000.0	83395.5447984	896134303.188	0.337417843106	174440.453367	0.89251449758	1.18855245716	42348.2026059	25949.1397699
12050000.0	83594.4250486	902482640.887	0.337282453946	174441.529319	0.89652944213	1.18850292176	42370.6584692	25969.2687352
12075000.0	83793.2167094	908855883.232	0.337147239649	174442.587284	0.900552091742	1.1884571487	42393.227304	25989.4302747
12100000.0	83991.8664717	915269381.09	0.337012954221	174443.624914	0.904586944775	1.18841612237	42415.8808785	26009.576756
12125000.0	84190.4327161	921706829.402	0.336879505424	174444.641207	0.908629163834	1.18837741899	42438.5287278	26029.670845
12150000.0	84388.9163399	928168059.927	0.336746972828	174445.63492	0.912678636542	1.18834081784	42461.157108	26049.7033265
12175000.0	84587.273508	934666134.538	0.336616274673	174446.58811	0.916738970148	1.18830643307	42483.691137	26069.596915
12200000.0	84785.5331484	941193153.159	0.336487381072	174447.515717	0.920807939323	1.18827310791	42506.0765006	26089.3245547
12225000.0	84983.7134797	947743884.349	0.336359845323	174448.412057	0.924883600325	1.1882407639	42528.3670139	26108.9336672
12250000.0	85181.7878807	954326588.483	0.336233935121	174449.248682	0.928967632059	1.18820993537	42550.5755304	26128.4126464
12275000.0	85379.7502532	960943597.002	0.336108221058	174450.001867	0.933063295191	1.18818343998	42572.9131459	26147.9497898
12300000.0	85577.6358464	967584242.92	0.335982791654	174450.689187	0.937166506479	1.18815969473	42595.319392	26167.5036483
12325000.0	85775.4311973	974252754.557	0.335857795932	174451.293367	0.941278310102	1.18813903702	42617.7932093	26187.0618826
12350000.0	85973.1019481	980960195.155	0.335733960123	174451.775494	0.945402058931	1.18812220494	42640.2748309	26206.55464
12375000.0	86170.6982686	987691183.52	0.335611026123	174452.173668	0.94953291738	1.18810754397	42662.7333627	26225.9798594
12400000.0	86368.2173	994446695.684	0.335489079499	174452.481972	0.953671152235	1.18809510968	42685.1611537	26245.3280183
12425000.0	86565.6038855	1001244979.15	0.335369307686	174452.643769	0.957822265293	1.18808619335	42707.4481688	26264.4666661
12450000.0	86762.9194189	1008066703.32	0.335250992952	174452.701356	0.961980422889	1.18807891996	42729.6207165	26283.4586149
12475000.0	86960.1647144	1014911655.9	0.335134147304	174452.654957	0.966145559699	1.18807323819	42751.6754374	26302.3016228
12500000.0	87157.282011	1021799930.83	0.335020416582	174452.432337	0.970323685951	1.1880698107	42773.4294464	26320.8038342
