z	T	P	nabla_ad	S	rho	delta	cp	cv
0.0	5773.59647019	7610.75009774	0.206340452591	154331.272553	0.00743716860836	1.45525158925	16365.2593736	10027.5375424
25000.0	5955.34765789	9083.00395757	0.204666309601	153697.942145	0.00697782388056	1.468446765	16688.5326081	10105.948341
50000.0	6240.66298075	10774.126149	0.2030155145	153387.310494	0.00652981876954	1.48148542843	16716.6228611	10312.0147198
75000.0	6773.72474877	12647.1830811	0.201387969831	153765.207473	0.00609314489118	1.4943682174	17700.1415557	11154.851079
100000.0	7669.00776407	14606.9873444	0.199783578134	155247.489593	0.00566779386135	1.50709576977	21942.0871218	14810.8498512
125000.0	8427.60896536	16602.2975318	0.198202241951	156770.568265	0.00525375729595	1.51966872337	29691.0938433	21351.4721576
150000.0	8971.95757771	18675.5535754	0.196643863824	157997.503411	0.00485102681086	1.53208771608	38201.6504702	28424.3325413
175000.0	9392.20653473	20861.1558514	0.195108346292	159050.812951	0.00445959402195	1.54435338573	46257.6561169	35298.997726
200000.0	9738.84231158	23180.8217412	0.193595591899	159996.933843	0.00407945054511	1.55646637019	53912.4819239	41790.5050885
225000.0	10039.0779873	25648.9343049	0.192105503186	160859.357036	0.00371058799623	1.5684273073	61268.5199388	47833.0814327
250000.0	10304.5518323	28277.5606097	0.190637982693	161636.561862	0.00335299799119	1.58023683492	68398.1068582	53385.4074484
275000.0	10542.4094325	31078.1249307	0.189192932962	162331.903928	0.00300667214587	1.5918955909	74859.5684143	58431.441874
300000.0	10759.7947682	34062.0514263	0.187770256535	162981.003791	0.00267160207615	1.6034042131	80390.6987217	63093.3930832
325000.0	10962.6281909	37240.7449037	0.186369855953	163592.806706	0.00234777939791	1.61476333936	85665.850605	67414.8030006
350000.0	11153.1784651	40625.552423	0.184991633758	164164.628432	0.00203519572705	1.62597360754	90937.7740342	71398.2717185
375000.0	11333.0361873	44227.8103197	0.18363549249	164673.366863	0.00173384267943	1.63703565549	96329.3946782	74993.8438285
400000.0	11503.7919537	48058.8549291	0.182301334692	165137.791174	0.00144371187095	1.64795012106	100223.176845	78262.8782219
425000.0	11666.9710391	52130.1512935	0.180989062904	165587.282372	0.00116479491749	1.65871764211	103842.089217	81322.28419
450000.0	11823.6074542	56454.1324207	0.179698579668	166019.055226	0.000897083434921	1.66933885649	107441.584336	84180.7894586
475000.0	11974.5116553	61043.6718015	0.178429787526	166415.921635	0.000640569039139	1.67981440206	111305.656502	86810.5598516
500000.0	12120.4929697	65911.6451506	0.177182589018	166769.084593	0.000395243346023	1.69014491665	115396.600755	89155.5570869
525000.0	12262.3607044	71070.9282579	0.175956886687	167093.185318	0.000161097971454	1.70033103814	117769.854929	91332.3450111
550000.0	12400.8054811	76534.8337366	0.174752583074	167416.884687	-6.18754686828e-05	1.71037340436	119984.456757	93378.3985196
575000.0	12536.1198538	82318.1392985	0.173569580719	167731.782506	-0.000273685358506	1.72027265318	122467.531901	95269.1039257
600000.0	12668.5130136	88435.9294727	0.172407782165	168022.094638	-0.000474340082133	1.73002942245	125482.221008	97016.1087086
625000.0	12798.1941523	94903.2887878	0.171267089953	168277.360875	-0.00066384802368	1.73964435001	128646.77757	98583.5585679
650000.0	12925.372461	101735.301773	0.170147406624	168506.123906	-0.000842217567264	1.74911807372	129896.445199	99997.9018267
675000.0	13050.2571315	108947.304717	0.16904863472	168740.589482	-0.001009457097	1.75845123144	131290.285368	101321.363616
700000.0	13173.057355	116555.995886	0.167970676782	168975.484685	-0.00116557499702	1.76764446102	133037.468434	102575.067966
725000.0	13293.982323	124578.532131	0.166913435351	169198.717449	-0.00131057965142	1.7766984003	134969.713076	103743.627997
750000.0	13413.2412269	133032.351897	0.165876812969	169393.041792	-0.00144447944432	1.78561368714	137308.896586	104769.594133
775000.0	13531.0432583	141935.764766	0.164860712178	169555.555965	-0.00156728275985	1.7943909594	138656.837114	105649.341001
800000.0	13647.5968076	151307.253967	0.163865035518	169722.408042	-0.00167899798212	1.80303085493	139513.903522	106503.603937
825000.0	13763.0551663	161165.68081	0.162889685531	169898.074144	-0.00177963349525	1.81153401158	140376.179883	107330.707016
850000.0	13877.4819083	171530.52223	0.161934564759	170071.728082	-0.00186919768336	1.8199010672	141320.515861	108095.537659
875000.0	13990.9323628	182421.321126	0.160999575742	170231.117237	-0.00194769893055	1.82813265964	142697.326548	108765.445457
900000.0	14103.4618588	193858.49232	0.160084621023	170360.498121	-0.00201514562096	1.83622942676	144894.03247	109322.558539
925000.0	14215.1257256	205864.01792	0.159189603143	170474.708056	-0.00207154613869	1.84419200642	145421.72087	109824.933397
950000.0	14325.979292	218460.04386	0.158314424642	170597.635158	-0.00211690886787	1.85202103646	145522.156475	110307.67638
975000.0	14436.0778874	231668.858128	0.157458988064	170727.412637	-0.00215124219261	1.85971715473	145650.717822	110749.221379
1000000.0	14545.4768406	245513.142074	0.156623195948	170855.991965	-0.00217455449702	1.86728099909	146271.229497	111140.325104
1025000.0	14654.231481	260015.644574	0.155806950836	170974.357726	-0.00218685416523	1.87471320739	147532.916483	111476.314462
1050000.0	14762.3971374	275199.501987	0.15501015527	171073.258198	-0.00218814958135	1.88201441749	149232.186348	111752.740766
1075000.0	14870.0291391	291090.291405	0.154232711791	171151.370749	-0.00217844912951	1.88918526724	149341.644694	111966.093187
1100000.0	14977.1828151	307714.537787	0.15347452294	171233.834916	-0.00215776119381	1.89622639448	148914.543148	112153.832421
1125000.0	15083.9122155	325098.735326	0.15273549126	171328.140381	-0.00212609415837	1.90313843708	148895.435435	112320.804376
1150000.0	15190.2547142	343268.949634	0.152015519291	171428.987008	-0.00208345640731	1.90992203288	149211.839905	112464.138297
1175000.0	15296.2360013	362250.946046	0.151314509574	171524.349656	-0.00202985632476	1.91657781974	149703.529083	112577.617423
1200000.0	15401.881526	382070.486436	0.150632364652	171602.074688	-0.00196530229481	1.92310643551	150512.361242	112639.459798
1225000.0	15507.2167377	402755.562668	0.149968987065	171658.290893	-0.0018898027016	1.92950851804	151421.10017	112638.928807
1250000.0	15612.2670854	424340.314188	0.149324279355	171712.082272	-0.00180336592925	1.93578470519	151003.155128	112615.045184
1275000.0	15717.0580185	446855.862535	0.148698144063	171775.848251	-0.00170600036185	1.94193563481	150648.754445	112588.899959
1300000.0	15821.6149862	470328.448867	0.148090483731	171848.063882	-0.00159771438355	1.94796194475	150293.428951	112547.892489
1325000.0	15925.9634377	494787.849366	0.1475012009	171922.888689	-0.00147851637844	1.95386427286	150040.849546	112480.023842
1350000.0	16030.1288223	520266.326108	0.146930198112	171992.276184	-0.00134841473065	1.959643257	150260.087859	112376.137035
1375000.0	16134.1365892	546796.182062	0.146377377907	172048.143589	-0.0012074178243	1.96529953502	151140.227005	112237.948545
1400000.0	16238.0121876	574410.134597	0.145842642828	172085.854198	-0.0010555340435	1.97083374477	151955.455609	112073.625813
1425000.0	16341.7810668	603143.175756	0.145325895416	172120.261243	-0.000892771772369	1.97624652411	151131.012286	111891.678553
1450000.0	16445.468676	633031.074003	0.144827038211	172166.468076	-0.000719139395027	1.98153851088	150257.117385	111698.150348
1475000.0	16549.1004443	664109.594701	0.144345973756	172216.23267	-0.000534645295589	1.98671034294	149691.449072	111490.532446
1500000.0	16652.6970976	696413.621168	0.143882604593	172273.60657	-0.000339297858173	1.99176265815	149497.46351	111265.130452
1525000.0	16756.2686398	729976.026827	0.143436833261	172329.845067	-0.000133105466896	1.99669609435	149480.935819	111019.624697
1550000.0	16859.8235886	764831.215278	0.143008562303	172375.463238	8.39234941259e-05	2.0015112894	149678.46537	110752.30738
1575000.0	16963.3704614	801019.291204	0.142597694261	172407.007266	0.000311780640774	2.00620888115	150244.777714	110462.804067
1600000.0	17066.9177758	838581.489939	0.142204131675	172426.804518	0.000550457588932	2.01078950746	149854.098927	110153.83843
1625000.0	17170.4740492	877559.071168	0.141827777086	172449.194002	0.000799945954483	2.01525380617	149097.200081	109835.539862
1650000.0	17274.0477992	917992.463234	0.141468533037	172484.188746	0.00106023735331	2.01960241514	148324.512055	109513.449336
1675000.0	17377.6475433	959920.09095	0.141126302069	172526.754432	0.00133132340129	2.02383597222	147572.120552	109179.226506
1700000.0	17481.281799	1003380.84323	0.140800986723	172570.29511	0.00161319571432	2.02795511526	146979.506426	108826.071002
1725000.0	17584.9590838	1048415.44913	0.140492489541	172609.790428	0.00190584590827	2.03196048213	146811.765347	108455.866769
1750000.0	17688.6879151	1095065.39018	0.140200713063	172641.013425	0.00220926559902	2.03585271066	147040.41794	108071.788432
1775000.0	17792.4768106	1143374.71329	0.139925559832	172662.731931	0.00252344640247	2.03963243871	147545.2037	107677.010612
1800000.0	17896.3342877	1193388.7867	0.139666932389	172675.732772	0.00284837993448	2.04330030414	146948.107877	107274.297199
1825000.0	18000.268864	1245156.16259	0.139424733275	172687.772564	0.00318405781096	2.0468569448	145843.976181	106863.607618
1850000.0	18104.2890569	1298726.1472	0.139198865031	172708.59217	0.00353047164777	2.05030299854	144979.420509	106443.729396
1875000.0	18208.403384	1354142.3089	0.138989230199	172738.693781	0.0038876130608	2.05363910321	144256.946384	106013.44613
1900000.0	18312.6203627	1411445.20368	0.138795731321	172773.241637	0.00425547366593	2.05686589667	143598.070525	105571.630389
1925000.0	18416.9485106	1470680.3842	0.138618270937	172806.824233	0.00463404507905	2.05998401677	143034.445961	105118.732296
1950000.0	18521.3963452	1531897.72572	0.13845675159	172833.593195	0.00502331891604	2.06299410136	142753.580415	104656.556081
1975000.0	18625.972384	1595147.24379	0.13831107582	172850.058912	0.00542328679279	2.06589678829	142901.840331	104186.949937
2000000.0	18730.6851445	1660478.95399	0.138181146169	172859.325022	0.00583394032516	2.06869271542	143184.726119	103711.762054
2025000.0	18835.5431442	1727943.54498	0.138066865178	172865.729643	0.00625527112906	2.07138252059	142172.238171	103232.43309
2050000.0	18940.5549007	1797595.46085	0.13796813539	172874.161195	0.00668727082036	2.07396684168	141038.115129	102748.129926
2075000.0	19045.7289314	1869490.12698	0.137884859344	172889.377813	0.00712993101493	2.07644631651	140052.858503	102257.23118
2100000.0	19151.0737538	1943678.48049	0.137816939583	172911.641993	0.00758324332868	2.07882158295	139261.571723	101758.114694
2125000.0	19256.5978855	2020208.18533	0.137764278648	172937.897773	0.00804719937747	2.08109327886	138558.586694	101249.181182
2150000.0	19362.309844	2099129.23161	0.13772677908	172964.355659	0.0085217907772	2.08326204207	137945.360061	100730.550408
2175000.0	19468.2181467	2180495.64322	0.137704343421	172986.123757	0.00900700914374	2.08532851046	137507.733702	100205.227958
2200000.0	19574.3313113	2264362.13658	0.137696874212	172998.744938	0.00950284609298	2.08729332186	137417.964711	99676.4055667
2225000.0	19680.6578551	2350786.77753	0.137704273995	173003.661905	0.0100092932408	2.08915711413	137647.691057	99146.2932647
2250000.0	19787.2062957	2439829.69263	0.137726445311	173005.938982	0.0105263422031	2.09092052512	136914.106404	98616.4754898
2275000.0	19893.9851507	2531550.86196	0.137763290701	173009.634042	0.0110539845957	2.09258419269	135714.434516	98086.6206301
2300000.0	20001.0029375	2626009.95027	0.137814712707	173016.914153	0.0115922120346	2.0941487547	134551.653607	97552.9940335
2325000.0	20108.2681736	2723266.12065	0.13788061387	173029.417227	0.0121410161355	2.09561484898	133605.181791	97011.7738124
2350000.0	20215.7893765	2823375.42798	0.137960896732	173046.570793	0.0127003885145	2.0969831134	132819.940004	96460.8926275
2375000.0	20323.5750248	2926392.69555	0.138055463834	173066.883902	0.0132703207873	2.0982541858	132136.902435	95899.0524855
2400000.0	20431.6314087	3032374.57319	0.138164217717	173087.775238	0.0138508045699	2.09942870404	131577.780689	95328.0773836
2425000.0	20539.9615133	3141380.47529	0.138287060923	173105.020423	0.0144418314782	2.10050730598	131168.405148	94754.5039979
2450000.0	20648.5680492	3253470.25359	0.138423895993	173114.475563	0.0150433931279	2.10149062946	130939.896875	94185.0824792
2475000.0	20757.4537271	3368708.1105	0.138574625469	173116.537994	0.0156554811351	2.10237931234	130910.669084	93622.8396459
2500000.0	20866.6212576	3487162.37318	0.138739151891	173115.910533	0.0162780871156	2.10317399248	130195.864223	93067.272271
2525000.0	20976.0733513	3608901.14177	0.138917377802	173116.864612	0.0169112026852	2.10387530771	129031.376507	92517.3969232
2550000.0	21085.812719	3733990.59083	0.139109205743	173120.701145	0.0175548194599	2.1044838959	127875.936833	91970.5448445
2575000.0	21195.8420711	3862496.30114	0.139314538256	173127.805084	0.0182089290556	2.1050003949	126749.93648	91423.527608
2600000.0	21306.1641185	3994483.21389	0.13953327788	173138.327239	0.018873523088	2.10542544256	125802.437903	90873.0431983
2625000.0	21416.7815716	4130013.668	0.139765327159	173151.466599	0.0195485931732	2.10575967674	125073.942777	90315.3279447
2650000.0	21527.6971411	4269149.3605	0.140010588633	173166.172034	0.020234130927	2.10600373528	124448.484898	89746.5532778
2675000.0	21638.9135377	4411953.53959	0.140268964844	173180.7698	0.0209301279652	2.10615825604	123934.95237	89166.9631061
2700000.0	21750.4334721	4558492.08472	0.140540358333	173192.530018	0.0216365759038	2.10622387688	123548.132391	88583.7094694
2725000.0	21862.2596547	4708831.15273	0.140824671642	173198.637757	0.0223534663586	2.10620123564	123310.267981	88004.5896147
2750000.0	21974.3947964	4863039.72989	0.141121807312	173198.482803	0.0230807909455	2.10609097017	123235.734046	87434.2768049
2775000.0	22086.8416076	5021192.37227	0.141431667884	173195.794938	0.0238185412805	2.10589371834	122500.461451	86871.2947161
2800000.0	22199.6027991	5183364.21698	0.1417541559	173194.741969	0.0245667089793	2.10561011799	121426.834442	86313.4854174
2825000.0	22312.6810815	5349628.24152	0.142089173902	173197.349779	0.0253252856579	2.10524080698	120356.949727	85759.8291269
2850000.0	22426.0791654	5520054.89464	0.14243662443	173203.136313	0.0260942629321	2.10478642315	119295.90771	85210.6387034
2875000.0	22539.7997615	5694714.41189	0.142796410026	173211.476913	0.0268736324179	2.10424760437	118325.393563	84665.8643752
2900000.0	22653.8455804	5873675.90127	0.143168433231	173221.746921	0.0276633857311	2.10362498848	117500.536104	84118.3371154
2925000.0	22768.2193327	6057007.55507	0.143552596587	173233.321682	0.0284635144876	2.10291921334	116773.20322	83558.5178787
2950000.0	22882.9237291	6244777.71792	0.143948802636	173245.507405	0.0292740103033	2.10213091679	116136.861978	82991.504971
2975000.0	22997.9614802	6437056.83575	0.144356953918	173256.797766	0.030094864794	2.1012607367	115611.13719	82423.3211709
3000000.0	23113.3352966	6633916.72115	0.144776952975	173265.157969	0.0309260695757	2.10030931091	115198.045033	81857.8813511
3025000.0	23229.047889	6835429.28501	0.145208702349	173268.583706	0.0317676162642	2.09927727729	114915.392914	81299.0376089
3050000.0	23345.101968	7041670.29804	0.14565210458	173267.103118	0.0326194964755	2.09816527367	114773.949645	80749.2587969
3075000.0	23461.5002443	7252721.17262	0.146107062211	173263.715019	0.0334817018253	2.09697393791	114050.128303	80208.9919926
3100000.0	23578.2454284	7468663.72997	0.146573477782	173261.634501	0.0343542239296	2.09570390787	113070.677545	79678.4935389
3125000.0	23695.3402311	7689577.12359	0.147051253835	173262.741151	0.0352370544043	2.09435582139	112099.109488	79155.9252824
3150000.0	23812.787363	7915536.15883	0.147540292912	173266.737795	0.0361301848652	2.09293031634	111156.667895	78636.0352232
3175000.0	23930.5895346	8146615.23854	0.148040497554	173273.126957	0.0370336069282	2.09142803056	110269.853631	78113.2706425
3200000.0	24048.7494567	8382888.32754	0.148551770302	173281.411161	0.0379473122093	2.08984960191	109446.651866	77584.5221147
3225000.0	24167.2698399	8624428.4465	0.149074013697	173291.092931	0.0388712923242	2.08819566824	108697.061608	77051.9464556
3250000.0	24286.1533947	8871308.49343	0.149607130282	173301.674772	0.039805538889	2.0864668674	108023.596894	76518.3852156
3275000.0	24405.402832	9123602.22666	0.150151022597	173312.463324	0.0407500435193	2.08466383724	107434.970168	75986.7339364
3300000.0	24525.0208621	9381386.39672	0.150705593184	173322.084012	0.0417047978313	2.08278721562	106937.056514	75460.0759413
3325000.0	24645.010196	9644738.40423	0.151270744584	173329.014252	0.0426697934406	2.08083764039	106536.980017	74941.5353513
3350000.0	24765.373544	9913735.79327	0.151846379339	173331.790269	0.0436450219633	2.0788157494	106243.991223	74434.2003874
3375000.0	24886.113617	10188460.2878	0.15243239999	173330.662009	0.0446304750151	2.07672218051	106071.284207	73940.1130388
3400000.0	25007.2331255	10468998.349	0.153028709078	173327.821662	0.045626144212	2.07455757156	105534.741324	73459.5318664
3425000.0	25128.7347801	10755436.6889	0.153635209146	173325.564873	0.0466320211699	2.07232256042	104613.398225	72984.4933262
3450000.0	25250.6212915	11047859.6904	0.154251802733	173325.561628	0.0476480975046	2.07001778493	103716.420237	72505.1797804
3475000.0	25372.8953704	11346345.6631	0.154878392382	173327.850306	0.0486743648321	2.06764388294	102868.594968	72022.2231017
3500000.0	25495.5597274	11650971.9389	0.155514880635	173332.206658	0.0497108147681	2.06520149232	102071.495753	71537.9583465
3525000.0	25618.6170731	11961815.8498	0.156161170032	173338.406438	0.0507574389286	2.0626912509	101328.927038	71054.7205716
3550000.0	25742.0701181	12278954.7277	0.156817163114	173346.225397	0.0518142289295	2.06011379655	100641.65678	70574.8448334
3575000.0	25865.9215731	12602465.9045	0.157482762424	173355.439289	0.0528811763867	2.05746976712	100018.478314	70100.6661887
3600000.0	25990.1741219	12932426.7395	0.158157870503	173365.816962	0.053958272916	2.05475980045	99459.2574054	69634.5010484
3625000.0	26114.828667	13268916.4163	0.158842389892	173376.667218	0.0550455101333	2.05198453441	98970.425867	69177.4233846
3650000.0	26239.883242	13612017.0555	0.159536223132	173386.558123	0.0561428796545	2.04914460684	98530.7127876	68728.5066818
3675000.0	26365.3356209	13961811.0437	0.160239272765	173393.990675	0.0572503730955	2.04624065561	98077.4197205	68286.6433013
3700000.0	26491.1835777	14318380.7946	0.160951441332	173397.503121	0.0583679820721	2.04327331855	97690.7508689	67850.7298584
3725000.0	26617.4248865	14681809.7866	0.161672631375	173397.092699	0.0594956982003	2.04024323352	97411.8018636	67419.8296116
3750000.0	26744.0573211	15052182.9717	0.162402745435	173394.658356	0.060633513096	2.03715103838	97201.3013204	66993.2230279
3775000.0	26871.0786557	15429588.6762	0.163141686054	173392.226784	0.0617814183749	2.03399737098	96515.2356255	66570.2051651
3800000.0	26998.4866642	15814118.4769	0.163889355773	173391.636288	0.0629394056531	2.03078286916	95793.9910978	66150.2342117
3825000.0	27126.2791206	16205856.703	0.164645657133	173393.279942	0.0641074665463	2.0275081708	95116.3242981	65734.0198434
3850000.0	27254.4537989	16604884.1987	0.165410492675	173396.881748	0.0652855926705	2.02417391372	94481.9875469	65322.8511137
3875000.0	27383.0084731	17011281.7895	0.166183764942	173402.162065	0.0664737756416	2.0207807358	93889.6068874	64918.019775
3900000.0	27511.9409173	17425130.3009	0.166965376474	173408.841255	0.0676720070753	2.01732927488	93297.6769129	64520.1860154
3925000.0	27641.2489053	17846510.558	0.167755229813	173416.639679	0.0688802785877	2.01382016882	92643.6909965	64128.1237455
3950000.0	27770.9302113	18275503.3865	0.168553227501	173425.277697	0.0700985817946	2.01025405546	92020.0812003	63740.2562598
3975000.0	27900.9826092	18712189.6293	0.169359272078	173434.475481	0.0713269083119	2.00663157266	91460.4124729	63355.0257017
4000000.0	28031.403873	19156651.2538	0.170173266086	173443.941228	0.0725652497554	2.00295335827	90962.7849357	62972.0729299
4025000.0	28162.1917768	19608972.0077	0.170995112067	173453.363013	0.0738135977411	1.99922005015	90535.9731121	62592.9368779
4050000.0	28293.3440944	20069235.7964	0.171824712561	173462.156903	0.0750719438847	1.99543228615	90181.2096152	62219.3245288
4075000.0	28424.8586	20537526.5253	0.172661970111	173469.12283	0.0763402798024	1.99159070412	89903.3474396	61852.9428477
4100000.0	28556.7330675	21013928.5217	0.173506787258	173473.363447	0.0776185971097	1.98769594191	89704.9453715	61494.9225802
4125000.0	28688.965271	21498527.6447	0.174359066543	173475.390165	0.0789068874228	1.98374863738	89588.6488221	61144.3031018
4150000.0	28821.5529843	21991410.6121	0.175218710507	173476.033901	0.0802051423574	1.97974942837	89469.399283	60799.6494605
4175000.0	28954.4939816	22492667.4177	0.176085621692	173476.125548	0.0815133535295	1.97569895275	88943.4052798	60459.5268109
4200000.0	29087.7860368	23002389.2378	0.17695970264	173476.416318	0.0828315125549	1.97159784836	88283.8387183	60122.8159676
4225000.0	29221.4269239	23520666.8981	0.177840855891	173477.402467	0.0841596110495	1.96744675306	87658.4532048	59789.4077757
4250000.0	29355.4144169	24047590.1225	0.178728983988	173479.529369	0.0854976406292	1.9632463047	87071.2368975	59459.3946747
4275000.0	29489.7462899	24583241.8521	0.179623989471	173483.242393	0.0868455929098	1.95899714113	86523.8145812	59132.8691042
4300000.0	29624.4203168	25127702.5822	0.180525774882	173488.836697	0.0882034595074	1.95469990021	86014.5876795	58809.9235037
4325000.0	29759.4342716	25681053.8955	0.181434242762	173496.050604	0.0895712320376	1.95035521978	85550.7444	58490.6503129
4350000.0	29894.7859283	26243377.6285	0.182349295653	173504.493432	0.0909489021165	1.94596373771	85135.4039185	58175.1419712
4375000.0	30030.473061	26814755.6175	0.183270836096	173513.774499	0.0923364613598	1.94152609184	84711.641491	57863.4909183
4400000.0	30166.4937404	27395270.0875	0.184198766633	173523.50358	0.0937339013836	1.93704292002	84242.8433554	57555.7760526
4425000.0	30302.8477397	27985005.4891	0.185132989805	173533.293064	0.0951412138036	1.93251486011	83797.3245171	57251.9986404
4450000.0	30439.5354371	28584047.0653	0.186073408153	173542.75627	0.0965583902358	1.92794254996	83409.6989091	56952.1323326
4475000.0	30576.5572119	29192480.0599	0.187019924218	173551.506521	0.097985422296	1.92332662743	83073.2366443	56656.1507465
4500000.0	30713.9134433	29810389.7176	0.187972440543	173559.157454	0.0994223016002	1.91866773036	82792.8609696	56364.0274997
4525000.0	30851.6045103	30437861.6968	0.188930859669	173565.441731	0.100869019764	1.91396649662	82572.3080395	56075.7362095
4550000.0	30989.6307922	31074982.6877	0.189895084136	173570.389136	0.102325568404	1.90922356404	82412.3268531	55791.2504933
4575000.0	31127.992668	31721839.5388	0.190865016487	173574.075054	0.103791939135	1.90443957049	82319.9557296	55510.5439687
4600000.0	31266.6905171	32378519.0987	0.191840559262	173576.574868	0.105268123574	1.89961515382	82266.123757	55233.5902529
4625000.0	31405.7247184	33045108.8243	0.192821615004	173578.016818	0.106754113335	1.89475095188	81977.3176057	54960.3221734
4650000.0	31545.0956512	33721700.6174	0.193808086253	173578.915379	0.108249900037	1.88984760252	81438.6735892	54690.3744918
4675000.0	31684.8036947	34408388.289	0.194799875551	173579.95643	0.109755475293	1.88490574359	80925.6207401	54423.2496937
4700000.0	31824.849228	35105261.9815	0.19579688544	173581.826621	0.11127083072	1.87992601295	80433.0090375	54158.4496687
4725000.0	31965.2326303	35812406.1843	0.19679901846	173585.205579	0.112795957934	1.87490904846	79970.8912604	53895.4800706
4750000.0	32105.9542807	36529903.9538	0.197806177154	173590.373548	0.114330848551	1.86985548796	79536.2870962	53634.0605858
4775000.0	32247.0145583	37257836.8951	0.198818264062	173597.004106	0.115875494187	1.8647659693	79126.3439453	53374.2360172
4800000.0	32388.4138425	37996286.4918	0.199835181726	173604.720062	0.117429886457	1.85964113035	78751.9662845	53116.0783735
4825000.0	32530.1525122	38745334.2276	0.200856832688	173613.144228	0.118994016977	1.85448160894	78371.4307627	52859.6596635
4850000.0	32672.2309467	39505061.7539	0.201883119488	173621.919604	0.120567877364	1.84928804294	77961.7296723	52605.0414923
4875000.0	32814.6495251	40275552.0945	0.202913944668	173630.854249	0.122151459233	1.8440610702	77565.7676504	52352.2003995
4900000.0	32957.4086266	41056888.944	0.20394921077	173639.836903	0.123744754199	1.83880132856	77205.3901228	52101.0713462
4925000.0	33100.5086304	41849156.0014	0.204988820335	173648.756856	0.12534775388	1.83350945589	76878.5254101	51851.5890105
4950000.0	33243.9499156	42652436.9658	0.206032675904	173657.503397	0.126960449891	1.82818609003	76586.345627	51603.6880709
4975000.0	33387.7328613	43466815.557	0.20708068002	173665.961141	0.128582833847	1.82283186885	76330.9837682	51357.3032054
5000000.0	33531.8578468	44292375.8635	0.208132735222	173673.930735	0.130214897365	1.81744743018	76114.7413566	51112.3690926
5025000.0	33676.3252512	45129202.2933	0.209188744053	173681.140138	0.13185663206	1.81203341188	75933.5607083	50868.8204106
5050000.0	33821.1354536	45977379.2652	0.210248609054	173687.314913	0.133508029549	1.80659045182	75758.7944579	50626.5918377
5075000.0	33966.2888332	46836991.1977	0.211312232766	173692.18062	0.135169081447	1.80111918783	75585.0119121	50385.6180522
5100000.0	34111.7857692	47708122.7328	0.212379517731	173695.51954	0.13683977937	1.79562025777	75448.0782694	50145.8298808
5125000.0	34257.6266408	48590860.5366	0.21345036649	173697.627602	0.138520114934	1.79009429949	75353.2207131	49907.1232687
5150000.0	34403.811827	49485292.3515	0.214524681585	173699.073923	0.140210079755	1.78454195086	75018.4583453	49669.3756096
5175000.0	34550.3417071	50391505.93	0.215602365557	173700.430153	0.141909665448	1.77896384971	74591.9690843	49432.4641252
5200000.0	34697.2166602	51309589.0244	0.216683320947	173702.26794	0.143618863631	1.7733606339	74185.246492	49196.2660369
5225000.0	34844.4370655	52239628.6767	0.217767450298	173705.102444	0.145337665917	1.76773294129	73792.9726186	48960.6585665
5250000.0	34992.0033021	53181706.651	0.218854656149	173709.029083	0.147066063925	1.76208140973	73409.0622184	48725.5189355
5275000.0	35139.9157492	54135902.3342	0.219944841043	173713.954272	0.148804049268	1.75640667706	72999.0260763	48490.7243657
5300000.0	35288.1747859	55102295.102	0.221037907521	173719.783509	0.150551613564	1.75070938115	72591.9837559	48256.1520787
5325000.0	35436.7807915	56080964.3302	0.222133758124	173726.422299	0.152308748427	1.74499015985	72200.153364	48021.679296
5350000.0	35585.7342513	57071989.3132	0.223232295394	173733.771884	0.154075445475	1.739249651	71825.6789725	47787.197265
5375000.0	35735.036634	58075448.5934	0.224333421873	173741.694071	0.155851696322	1.73348849247	71463.0629565	47552.7271264
5400000.0	35884.6899412	59091420.3062	0.225437040101	173750.029309	0.157637492585	1.7277073221	71125.6678288	47318.3603671
5425000.0	36034.6961796	60119982.5827	0.22654305262	173758.617837	0.15943282588	1.72190677774	70801.1164401	47084.1891675
5450000.0	36185.0573558	61161213.5542	0.227651361971	173767.299894	0.161237687822	1.71608749726	70491.0063636	46850.3057078
5475000.0	36335.7754765	62215191.352	0.228761870696	173775.915719	0.163052070028	1.71025011849	70184.90435	46616.8021682
5500000.0	36486.8525485	63281994.1025	0.229874481337	173784.30555	0.164875964113	1.7043952793	69870.1914739	46383.7707291
5525000.0	36638.2905784	64361699.9106	0.230989096434	173792.309627	0.166709361692	1.69852361754	69579.6094825	46151.3035706
5550000.0	36790.091573	65454386.8744	0.232105618529	173799.768188	0.168552254383	1.69263577106	69317.9356844	45919.492873
5575000.0	36942.2575389	66560133.0923	0.233223950164	173806.521471	0.170404633801	1.68673237771	69078.3545912	45688.4308165
5600000.0	37094.7904829	67679016.6627	0.234343993879	173812.409716	0.172266491561	1.68081407534	68866.5693171	45458.2095814
5625000.0	37247.6924116	68811115.7256	0.235465652217	173817.286046	0.174137819281	1.67488150182	68683.217041	45228.915239
5650000.0	37400.9653317	69956509.062	0.236588827718	173821.200378	0.176018608574	1.66893529498	68527.8253152	45000.5405493
5675000.0	37554.61125	71115275.9523	0.237713422924	173824.356206	0.177908851058	1.66297609269	68373.2885845	44773.0054545
5700000.0	37708.6321731	72287495.6905	0.238839340377	173826.961096	0.179808538349	1.65700453279	68219.2820661	44546.2279656
5725000.0	37863.0301078	73473247.5705	0.239966482618	173829.222613	0.181717662061	1.65102125315	68055.4502434	44320.126094
5750000.0	38017.8070607	74672610.886	0.241094752188	173831.348307	0.183636213812	1.6450268916	67673.6104191	44094.6178508
5775000.0	38172.9650385	75885664.7594	0.242224051628	173833.5254	0.185564185216	1.63902208601	67283.0819306	43869.6212472
5800000.0	38328.506048	77112487.8031	0.243354283481	173835.880595	0.187501567891	1.63300747422	66905.7860685	43645.0542942
5825000.0	38484.4320957	78353158.5351	0.244485350287	173838.529388	0.189448353451	1.6269836941	66541.9367307	43420.8350032
5850000.0	38640.7451886	79607754.1989	0.245617154588	173841.587274	0.191404533513	1.62095138349	66190.9317776	43196.8813853
5875000.0	38797.4473331	80876346.6628	0.246749598925	173845.169747	0.193370099692	1.61491118024	65836.5045715	42973.1114516
5900000.0	38954.5405361	82159006.3682	0.247882585839	173849.38909	0.195345043604	1.60886372221	65465.2384768	42749.4458365
5925000.0	39112.0268042	83455803.464	0.249016017873	173854.265342	0.197329356866	1.60280964725	65095.4876655	42525.8804915
5950000.0	39269.9081441	84766807.7706	0.250149797568	173859.714778	0.199323031093	1.59674959321	64731.4782639	42302.4960912
5975000.0	39428.1865626	86092089.0909	0.251283827464	173865.648146	0.201326057901	1.59068419795	64392.6087053	42079.3778226
6000000.0	39586.8640663	87431717.2276	0.252418010103	173871.976196	0.203338428905	1.58461409932	64062.7137056	41856.6108728
6025000.0	39745.9426619	88785761.9837	0.253552248027	173878.609675	0.205360135723	1.57853993517	63751.2608577	41634.2804287
6050000.0	39905.4243561	90154293.162	0.254686443777	173885.459333	0.207391169969	1.57246234335	63453.2075515	41412.4716775
6075000.0	40065.3111556	91537380.3662	0.255820499895	173892.435919	0.20943152326	1.56638196172	63141.1515043	41191.2804829
6100000.0	40225.6050672	92935092.4056	0.256954318922	173899.450181	0.211481187211	1.56029942813	62816.5752088	40970.8452903
6125000.0	40386.3080975	94347497.8915	0.258087803398	173906.412868	0.213540153438	1.55421538043	62511.6308269	40751.3151589
6150000.0	40547.4222532	95774665.4354	0.259220855867	173913.234729	0.215608413558	1.54813045648	62229.7212945	40532.839148
6175000.0	40708.949541	97216663.6487	0.260353378868	173919.826512	0.217685959186	1.54204529412	61965.9901496	40315.5663172
6200000.0	40870.8919676	98673561.1426	0.261485274944	173926.098967	0.219772781937	1.53596053121	61734.660636	40099.6457253
6225000.0	41033.2515398	100145426.341	0.262616446636	173931.966497	0.221868873429	1.52987680561	61519.5087339	39885.1956049
6250000.0	41196.0302642	101632326.964	0.263746796485	173937.357242	0.223974225276	1.52379475516	61335.5734974	39672.2183548
6275000.0	41359.2301474	103134330.564	0.264876227033	173942.202566	0.226088829095	1.51771501772	61123.7564857	39460.6891715
6300000.0	41522.8531963	104651504.697	0.266004640821	173946.433836	0.228212676501	1.51163823114	60914.3867333	39250.5832517
6325000.0	41686.9014175	106183916.915	0.26713194039	173949.982416	0.23034575911	1.50556503327	60729.1068567	39041.8757919
6350000.0	41851.3768177	107731634.774	0.268258028283	173952.779672	0.232488068539	1.49949606197	60566.2844656	38834.5419887
6375000.0	42016.2814036	109294725.765	0.269382807039	173954.789556	0.234639596403	1.49343195509	60420.6724086	38628.5570387
6400000.0	42181.6171819	110873257.013	0.270506179202	173956.168785	0.236800334318	1.48737335048	60313.4309518	38423.8961384
6425000.0	42347.3861594	112467295.509	0.271628047311	173957.144696	0.2389702739	1.481320886	60085.8113092	38220.5344845
6450000.0	42513.5903426	114076908.244	0.272748313909	173957.944733	0.241149406765	1.47527519949	59747.2850406	38018.4472736
6475000.0	42680.2317383	115702162.208	0.273866881537	173958.796338	0.243337724528	1.46923692881	59372.9870192	37817.6097021
6500000.0	42847.3123532	117343124.393	0.274983652736	173959.926954	0.245535218806	1.46320671182	59007.6942902	37617.9969667
6525000.0	43014.834064	118999861.594	0.276098530048	173961.556483	0.247741881214	1.45718518636	58663.342137	37419.5859147
6550000.0	43182.7962902	120672436.942	0.277211416014	173963.762393	0.249957703369	1.45117299028	58339.2688894	37222.3845736
6575000.0	43351.1962593	122360910.297	0.278322213175	173966.495065	0.252182676886	1.44517076145	58032.113915	37026.4287908
6600000.0	43520.0311217	124065341.404	0.279430824073	173969.700422	0.254416793381	1.43917913771	57744.0695446	36831.7553896
6625000.0	43689.2980281	125785790.009	0.28053715125	173973.324389	0.25666004447	1.43319875692	57474.038283	36638.4011932
6650000.0	43858.9941288	127522315.855	0.281641097246	173977.312889	0.258912421768	1.42723025693	57175.0638314	36446.4030251
6675000.0	44029.1165745	129274978.688	0.282742564604	173981.611846	0.261173916893	1.42127427558	56863.4275561	36255.7977086
6700000.0	44199.6625156	131043838.244	0.283841455864	173986.167182	0.263444521459	1.41533145075	56567.5105093	36066.6220669
6725000.0	44370.6291026	132828953.505	0.284937673568	173990.924823	0.265724227082	1.40940242026	56283.7970879	35878.9129234
6750000.0	44542.0134861	134630382.168	0.286031120257	173995.830692	0.268013025379	1.40348782199	56011.4828306	35692.7071013
6775000.0	44713.8128166	136448181.802	0.287121698473	174000.830711	0.270310907965	1.39758829378	55752.4833769	35508.0414241
6800000.0	44886.0242446	138282409.978	0.288209310757	174005.870806	0.272617866456	1.39170447349	55514.0438431	35324.952715
6825000.0	45058.6449205	140133124.265	0.28929385965	174010.896899	0.274933892469	1.38583699896	55266.5580297	35143.4777973
6850000.0	45231.671995	142000382.232	0.290375247695	174015.854914	0.277258977618	1.37998650805	54991.2359024	34963.6534943
6875000.0	45405.1026185	143884241.42	0.291453377432	174020.691809	0.27959311352	1.37415363862	54735.9861525	34785.5174787
6900000.0	45578.9339416	145784758.853	0.292528151402	174025.372032	0.28193629179	1.36833902851	54499.7761955	34609.1217905
6925000.0	45753.1631147	147701991.127	0.293599472148	174029.874609	0.284288504046	1.36254331558	54288.1619486	34434.5304446
6950000.0	45927.7872884	149635994.826	0.29466724221	174034.179011	0.286649741901	1.35676713768	54089.6301687	34261.807822
6975000.0	46102.8036131	151586826.551	0.29573136413	174038.26471	0.289019996973	1.35101113266	53917.3973828	34091.0183036
7000000.0	46278.2092395	153554543.085	0.29679174045	174042.111177	0.291399260877	1.34527593838	53745.5745636	33922.2262703
7025000.0	46454.001318	155539201.3	0.29784827371	174045.697884	0.293787525229	1.33956219269	53549.2878728	33755.496103
7050000.0	46630.1769991	157540858.007	0.298900866453	174049.004302	0.296184781646	1.33387053344	53355.367414	33590.8870477
7075000.0	46806.7334333	159559569.174	0.299949421219	174052.009904	0.298591021742	1.32820159849	53186.9901241	33428.3924829
7100000.0	46983.6677712	161595390.189	0.30099384055	174054.694159	0.301006237133	1.32255602568	53039.3276342	33267.9601649
7125000.0	47160.9771633	163648376.43	0.302034026987	174057.036541	0.303430419437	1.31693445287	52913.3259819	33109.5369359
7150000.0	47338.6587601	165718583.272	0.303069883072	174059.016521	0.305863560268	1.31133751792	52811.7254289	32953.0696384
7175000.0	47516.709712	167806066.092	0.304101311346	174060.613569	0.308305651242	1.30576585867	52711.8938738	32798.5051144
7200000.0	47695.1271696	169910880.267	0.305128214351	174061.807158	0.310756683975	1.30022011298	52585.4821788	32645.7902063
7225000.0	47873.9082835	172033081.174	0.306150494627	174062.579552	0.313216650084	1.2947009187	52459.8959021	32494.8728406
7250000.0	48053.0502041	174172724.227	0.307168054717	174062.97777	0.315685541184	1.28920891368	52219.7518895	32345.7260764
7275000.0	48232.550082	176329864.871	0.308180797162	174063.113864	0.31816334889	1.28374473578	51959.1052602	32198.3482148
7300000.0	48412.4050676	178504558.555	0.309188624503	174063.102738	0.32065006482	1.27830902285	51717.1230441	32052.738663
7325000.0	48592.6123115	180696860.705	0.310191439282	174063.059294	0.323145680588	1.27290241274	51500.5716249	31908.8968281
7350000.0	48773.1689642	182906826.004	0.311189144039	174063.098435	0.325650187811	1.2675255433	51275.3488566	31766.8221173
7375000.0	48954.0721762	185134508.259	0.312181641317	174063.335064	0.328163578104	1.26217905239	51027.1258141	31626.5139378
7400000.0	49135.319098	187379961.228	0.313168833656	174063.884084	0.330685843083	1.25686357786	50778.7286171	31487.9716967
7425000.0	49316.9068801	189643238.639	0.314150623599	174064.859605	0.333216974365	1.25157975757	50540.7396692	31351.1948013
7450000.0	49498.8326731	191924392.194	0.315126913687	174066.316091	0.335756963564	1.24632822935	50319.1596961	31216.1826586
7475000.0	49681.0936275	194223470.187	0.31609760646	174068.207816	0.338305802298	1.24110963108	50112.0352475	31082.9346759
7500000.0	49863.6868937	196540520.586	0.317062604461	174070.47946	0.340863482182	1.2359246006	49917.5979163	30951.4502603
7525000.0	50046.6096223	198875591.357	0.31802181023	174073.075706	0.343429994831	1.23077377575	49724.316043	30821.728819
7550000.0	50229.8589639	201228730.644	0.31897512631	174075.941234	0.346005331862	1.22565779441	49499.1517772	30693.7697591
7575000.0	50413.4320688	203599987.115	0.319922455241	174079.020725	0.34858948489	1.22057729441	49294.2712246	30567.5724878
7600000.0	50597.3260876	205989409.534	0.320863699565	174082.258861	0.351182445532	1.21553291362	49097.0270702	30443.1364123
7625000.0	50781.5381709	208397046.744	0.321798761824	174085.601951	0.353784205403	1.21052528988	48905.0414734	30320.4609398
7650000.0	50966.0654692	210822948.448	0.322727544558	174089.014104	0.356394756119	1.20555506104	48733.2823042	30199.5454774
7675000.0	51150.9051329	213267164.88	0.32364995031	174092.470412	0.359014089296	1.20062286496	48585.0904314	30080.3894323
7700000.0	51336.0543126	215729746.282	0.32456588162	174095.946126	0.361642196551	1.1957293395	48404.3244207	29962.9922117
7725000.0	51521.5101589	218210742.892	0.32547524103	174099.416498	0.364279069497	1.1908751225	48221.8314046	29847.3532226
7750000.0	51707.2698221	220710204.759	0.326377931082	174102.856781	0.366924699753	1.18606085182	48046.4952298	29733.4718724
7775000.0	51893.3304528	223228181.646	0.327273854316	174106.242224	0.369579078933	1.18128716531	47891.783151	29621.3475681
7800000.0	52079.6892016	225764723.295	0.328162913275	174109.548082	0.372242198654	1.17655470082	47746.8552881	29510.979717
7825000.0	52266.343219	228319879.249	0.329045010499	174112.749604	0.374914050531	1.1718640962	47616.8249624	29402.3677261
7850000.0	52453.2896554	230893697.692	0.32992004853	174115.822044	0.37759462618	1.16721598932	47499.6142535	29295.5110027
7875000.0	52640.5256614	233486226.236	0.33078792991	174118.740653	0.380283917218	1.16261101801	47363.6396213	29190.4089539
7900000.0	52828.0483874	236097512.489	0.331648557179	174121.480683	0.382981915259	1.15804982014	47212.0631965	29087.060987
7925000.0	53015.8549841	238727604.072	0.33250183288	174124.017386	0.38568861192	1.15353303356	47090.5988191	28985.466509
7950000.0	53203.9426019	241376549.248	0.333347659553	174126.326013	0.388403998817	1.14906129611	46982.3674725	28885.6249271
7975000.0	53392.3083914	244044397.247	0.33418593974	174128.381816	0.391128067565	1.14463524566	46890.1243001	28787.5356485
8000000.0	53580.949503	246731197.378	0.335016575983	174130.160047	0.393860809781	1.14025552005	46826.2943687	28691.1980805
8025000.0	53769.863038	249436998.981	0.335839470822	174131.638873	0.396602217081	1.13592275714	46750.4741603	28596.6130145
8050000.0	53959.0456009	252161851.7	0.3366545268	174132.825896	0.39935228108	1.13163759477	46670.793	28503.795227
8075000.0	54148.4935075	254905805.357	0.337461646457	174133.745794	0.402110993394	1.12740067081	46590.239497	28412.7676059
8100000.0	54338.2030704	257668909.775	0.338260732335	174134.423454	0.404878345638	1.12321262311	46526.1618575	28323.5531387
8125000.0	54528.1706022	260451214.778	0.339051686976	174134.883763	0.40765432943	1.11907408951	46480.3422981	28236.1748131
8150000.0	54718.3924152	263252770.118	0.339834412921	174135.151609	0.410438936385	1.11498570787	46444.5615055	28150.6556165
8175000.0	54908.864822	266073625.322	0.34060881271	174135.251878	0.413232158118	1.11094811605	46425.6402206	28067.0185367
8200000.0	55099.5841351	268913829.878	0.341374788887	174135.209458	0.416033986246	1.10696195189	46389.9424858	27985.286561
8225000.0	55290.546667	271773433.271	0.342132243991	174135.049237	0.418844412385	1.10302785325	46241.2653859	27905.4826772
8250000.0	55481.7487301	274652485.002	0.342881080565	174134.796286	0.421663428149	1.09914645799	46066.572905	27827.6280847
8275000.0	55673.186637	277551035.272	0.34362120115	174134.483791	0.424491025156	1.09531840394	45918.5989431	27751.6654642
8300000.0	55864.8567002	280469135.236	0.344352508287	174134.156053	0.427327195021	1.09154432898	45768.9839716	27677.4299568
8325000.0	56056.7552321	283406836.005	0.345074904517	174133.858174	0.43017192936	1.08782487094	45640.5747864	27604.7489307
8350000.0	56248.8785452	286364186.231	0.345788292383	174133.635258	0.433025219789	1.08416066768	45519.0079125	27533.4497542
8375000.0	56441.2229521	289341232.222	0.346492574425	174133.532407	0.435887057924	1.08055235706	45373.2480831	27463.3597957
8400000.0	56633.7847653	292338020.3	0.347187653185	174133.594724	0.43875743538	1.07700057693	45224.8789518	27394.3064233
8425000.0	56826.5602971	295354596.875	0.347873431204	174133.867313	0.441636343774	1.07350596514	45080.8175062	27326.1170055
8450000.0	57019.5458602	298391008.361	0.348549811024	174134.395276	0.444523774721	1.07006915954	44954.6162454	27258.6189105
8475000.0	57212.737767	301447301.239	0.349216695186	174135.219219	0.447419719838	1.06669079798	44827.3217496	27191.6552535
8500000.0	57406.13233	304523522.712	0.349873986231	174136.332647	0.45032417074	1.06337151833	44709.14819	27125.2340669
8525000.0	57599.7258617	307619720.413	0.350521586701	174137.70097	0.453237119042	1.06011195842	44581.5800452	27059.4617565
8550000.0	57793.5146747	310735941.983	0.351159399138	174139.289222	0.456158556362	1.05691275612	44441.0631545	26994.4460422
8575000.0	57987.4950813	313872235.061	0.351787326082	174141.062436	0.459088474315	1.05377454928	44318.9337364	26930.2946436
8600000.0	58181.6633941	317028647.276	0.352405270075	174142.985647	0.462026864516	1.05069797574	44205.358724	26867.1152806
8625000.0	58376.0159256	320205226.176	0.353013133659	174145.023889	0.464973718582	1.04768367337	44110.6276479	26805.0156729
8650000.0	58570.5489883	323402019.263	0.353610819374	174147.142196	0.467929028128	1.04473228001	44019.999894	26744.1035403
8675000.0	58765.2588946	326619074.043	0.354198229763	174149.305603	0.47089278477	1.04184443352	43931.2030462	26684.4866027
8700000.0	58960.1419571	329856437.976	0.354775267366	174151.481475	0.473864980125	1.03902077174	43818.1356621	26626.2644936
8725000.0	59155.1944883	333114158.114	0.355341834726	174153.659252	0.476845605808	1.03626193255	43715.9694	26569.4603495
8750000.0	59350.4128006	336392281.285	0.355897834383	174155.840528	0.479834653435	1.03356855377	43632.8749708	26514.0551655
8775000.0	59545.7932066	339690854.314	0.356443168878	174158.027027	0.482832114622	1.03094127327	43547.5636883	26460.0294973
8800000.0	59741.3320187	343009924.028	0.356977740754	174160.22047	0.485837980985	1.02838072891	43476.8470831	26407.3639008
8825000.0	59937.0255495	346349537.252	0.357501452552	174162.42258	0.488852244139	1.02588755853	43418.7069074	26356.0389316
8850000.0	60132.8701114	349709740.811	0.358014206813	174164.63508	0.491874895701	1.02346239998	43337.8522465	26306.0351456
8875000.0	60328.8620169	353090581.531	0.358515906078	174166.859692	0.494905927286	1.02110589112	43256.7010881	26257.3330986
8900000.0	60524.9975786	356492106.237	0.35900645289	174169.098138	0.49794533051	1.01881866981	43183.3012069	26209.9133462
8925000.0	60721.2731089	359914361.898	0.359485749788	174171.351681	0.50099309699	1.01660137389	43107.8650199	26163.7565374
8950000.0	60917.6849202	363357399.53	0.359953699315	174173.608451	0.504049218341	1.01445464121	43046.1956496	26118.8459702
8975000.0	61114.2293252	366821274.675	0.360410204012	174175.841874	0.507113686178	1.01237910964	42995.1695118	26075.1679096
9000000.0	61310.9026363	370306042.618	0.360855166421	174178.024601	0.510186492119	1.01037541702	42950.593606	26032.7087774
9025000.0	61507.701166	373811748.502	0.361288489083	174180.129281	0.513267627778	1.0084442012	42911.2063162	25991.4549953
9050000.0	61704.6212268	377338430.427	0.361710074539	174182.128578	0.516357084772	1.00658610004	42880.7213888	25951.392985
9075000.0	61901.6591311	380886142.32	0.36211982533	174183.999647	0.519454854716	1.00480175139	42860.6091371	25912.5091685
9100000.0	62098.8111916	384454936.704	0.362517643999	174185.730406	0.522560929227	1.0030917931	42845.7967859	25874.7899675
9125000.0	62296.0737206	388044861.518	0.362903433086	174187.310357	0.525675299919	1.00145686303	42837.4720081	25838.2218036
9150000.0	62493.4430307	391655953.267	0.363277095133	174188.728998	0.52879795841	0.999897599028	42844.8451697	25802.7910988
9175000.0	62690.9154343	395288259.593	0.363638532682	174189.975831	0.531928896315	0.998414638947	42818.5399025	25768.4842748
9200000.0	62888.487244	398941832.277	0.363987648273	174191.039122	0.53506810525	0.99700862064	42781.4971697	25735.2877534
9225000.0	63086.1547723	402616723.454	0.364324344448	174191.897857	0.538215576831	0.995680181959	42757.4754369	25703.1879562
9250000.0	63283.9143315	406312985.424	0.364648523749	174192.5268	0.541371302673	0.994429960758	42752.6566661	25672.1713052
9275000.0	63481.7622344	410030670.485	0.364960088717	174192.900694	0.544535274393	0.993258594889	42751.4716517	25642.2242221
9300000.0	63679.6947932	413769830.936	0.365258941893	174192.994279	0.547707483606	0.992166722204	42758.0314385	25613.3331287
9325000.0	63877.7083206	417530519.056	0.365544985818	174192.782997	0.550887921929	0.991154980557	42774.8512037	25585.4844467
9350000.0	64075.799129	421312785.63	0.365818123035	174192.2901	0.554076580977	0.990224007799	42801.7844234	25558.6645979
9375000.0	64273.963531	425116679.021	0.366078256084	174191.616612	0.557273452365	0.989374441785	42837.9446689	25532.8600042
9400000.0	64472.1978389	428942247.368	0.366325287508	174190.870688	0.560478527711	0.988606920366	42797.4737601	25508.0570872
9425000.0	64670.4983654	432789538.811	0.366559119846	174190.160487	0.56369179863	0.987922081395	42737.6441995	25484.2422687
9450000.0	64868.8614228	436658601.901	0.366779655641	174189.582551	0.566913256737	0.987320562725	42690.0545955	25461.4005519
9475000.0	65067.2833237	440549487.72	0.366986797435	174189.162163	0.570142893649	0.986803002208	42621.8721616	25439.5082365
9500000.0	65265.7603807	444462248.309	0.367180447768	174188.897603	0.573380700981	0.986370037698	42533.3768521	25418.5383243
9525000.0	65464.2889061	448396935.71	0.367360509182	174188.787099	0.57662667035	0.986022307047	42450.0477519	25398.4638104
9550000.0	65662.8652125	452353601.965	0.367526884218	174188.828877	0.579880793371	0.985760448107	42377.8148744	25379.2576901
9575000.0	65861.4856123	456332299.114	0.367679475418	174189.021166	0.58314306166	0.985585098732	42304.3701222	25360.8929588
9600000.0	66060.1464182	460333078.778	0.367818185323	174189.362193	0.586413466833	0.985496896774	42232.5504472	25343.3426116
9625000.0	66258.8439424	464355991.624	0.367942916474	174189.850186	0.589692000506	0.985496480085	42180.8403752	25326.5796439
9650000.0	66457.5744977	468401088.189	0.368053571414	174190.483372	0.592978654295	0.985584486519	42117.0856824	25310.5770508
9675000.0	66656.3343964	472468419.011	0.368150052683	174191.25998	0.596273419816	0.985761553929	42067.8364874	25295.3078278
9700000.0	66855.119951	476558034.529	0.368232262822	174192.177995	0.599576288684	0.986028320166	42026.7706609	25280.7460406
9725000.0	67053.9274741	480669983.635	0.368300104374	174193.231656	0.602887252515	0.986385423083	41983.7907888	25266.8824227
9750000.0	67252.7532781	484804314.0	0.36835347988	174194.41224	0.606206302926	0.986833500534	41950.6734947	25253.7208797
9775000.0	67451.5936755	488961073.263	0.36839229188	174195.710943	0.609533431532	0.98737319037	41923.3604474	25241.265676
9800000.0	67650.4449789	493140310.356	0.368416442916	174197.118959	0.612868629949	0.988005130446	41874.5624041	25229.5210764
9825000.0	67849.3035007	497342078.153	0.368425835531	174198.627484	0.616211889793	0.988729958612	41805.9670323	25218.4913454
9850000.0	68048.1655534	501566430.244	0.368420372264	174200.227715	0.61956320268	0.989548312723	41760.5017623	25208.1807475
9875000.0	68247.0274494	505813419.918	0.368399955658	174201.910845	0.622922560225	0.990460830631	41717.8561881	25198.5935473
9900000.0	68445.8855014	510083100.301	0.368364488254	174203.668072	0.626289954046	0.991468150187	41666.233234	25189.7340095
9925000.0	68644.7360218	514375524.518	0.368313872594	174205.49059	0.629665375756	0.992570909246	41626.7668019	25181.6063985
9950000.0	68843.5753231	518690745.694	0.368248011218	174207.369595	0.633048816973	0.99376974566	41599.7649204	25174.214979
9975000.0	69042.400131	523028816.428	0.368166806668	174209.297316	0.636440269313	0.995065297281	41574.0976243	25167.5614305
10000000.0	69241.2089478	527389787.06	0.368070161486	174211.270416	0.63983972439	0.996458201963	41550.1813027	25161.6363213
10025000.0	69440.0007525	531773707.322	0.367957978213	174213.286753	0.643247173821	0.997949097557	41532.0607476	25156.4272353
10050000.0	69638.7745247	536180626.946	0.36783015939	174215.344183	0.646662609223	0.999538621917	41523.7115207	25151.9217566
10075000.0	69837.5292434	540610595.665	0.367686607559	174217.440563	0.65008602221	1.0012274129	41525.6250492	25148.1074688
10100000.0	70036.2638881	545063663.211	0.367527225261	174219.573751	0.653517404399	1.00301610835	41526.9157207	25144.9719559
10125000.0	70234.9774379	549539879.91	0.367351915038	174221.741602	0.656956747405	1.00490534612	41506.6300943	25142.5028018
10150000.0	70433.6688721	554039299.056	0.367160579431	174223.941974	0.660404042845	1.00689576407	41475.639339	25140.6875903
10175000.0	70632.3371701	558561974.87	0.366953120981	174226.172723	0.663859282334	1.00898800005	41454.8098528	25139.5139052
10200000.0	70830.981311	563107961.57	0.366729442229	174228.431707	0.667322457488	1.01118269191	41445.488605	25138.9693306
10225000.0	71029.6002742	567677313.375	0.366489445718	174230.716781	0.670793559924	1.0134804775	41436.2800079	25139.0414501
10250000.0	71228.1930389	572270084.506	0.366233033989	174233.025803	0.674272581256	1.01588199468	41430.9609592	25139.7178477
10275000.0	71426.7585845	576886329.085	0.365960109583	174235.355206	0.677759513101	1.01838788131	41434.5686835	25140.9861074
10300000.0	71625.2958901	581526100.435	0.365670575041	174237.689601	0.681254347075	1.02099877522	41446.7697419	25142.8338128
10325000.0	71823.8039351	586189451.483	0.365364332904	174240.007746	0.684757074794	1.02371531428	41464.5714731	25145.2485479
10350000.0	72022.2816987	590876435.152	0.365041285715	174242.288357	0.688267687873	1.02653813634	41484.9622232	25148.2178966
10375000.0	72220.7281603	595587104.367	0.364701336015	174244.510151	0.691786177928	1.02946787925	41509.0321982	25151.7294428
10400000.0	72419.142299	600321512.051	0.364344386345	174246.651843	0.695312536576	1.03250518086	41547.715637	25155.7707702
10425000.0	72617.5230942	605079711.202	0.363970339246	174248.69215	0.698846755432	1.03565067903	41567.1101028	25160.3294628
10450000.0	72815.8695251	609861756.637	0.363579097259	174250.609788	0.702388826112	1.0389050116	41573.9741439	25165.3931045
10475000.0	73014.180571	614667705.045	0.363170562927	174252.383472	0.705938740232	1.04226881644	41601.6810908	25170.9492791
10500000.0	73212.4552112	619497613.2	0.362744638791	174253.99192	0.709496489407	1.04574273139	41615.2496626	25176.9855704
10525000.0	73410.6924249	624351537.878	0.362301227391	174255.413847	0.713062065255	1.04932739431	41648.0653614	25183.4895625
10550000.0	73608.8911915	629229535.845	0.36184023127	174256.628385	0.716635459389	1.05302344305	41692.5470068	25190.4488873
10575000.0	73807.0504902	634131663.498	0.361361552969	174257.632439	0.720216663428	1.05683151546	41731.2462965	25197.8532437
10600000.0	74005.1693003	639057976.735	0.360865095029	174258.446974	0.723805668985	1.0607522494	41780.5384319	25205.6951273
10625000.0	74203.246601	644008531.418	0.360350759992	174259.094663	0.727402467678	1.06478628272	41830.4558832	25213.967233
10650000.0	74401.2813717	648983383.345	0.359818450398	174259.598181	0.731007051122	1.06893425326	41878.4547205	25222.6622553
10675000.0	74599.2725916	653982586.853	0.35926806879	174259.980201	0.734619410933	1.07319679889	41935.1301105	25231.772889
10700000.0	74797.2192399	659006194.856	0.358699517709	174260.263398	0.738239538727	1.07757455745	42005.5762773	25241.2918287
10725000.0	74995.120296	664054260.776	0.358112699696	174260.470447	0.741867426119	1.0820681668	42071.9098131	25251.2117691
10750000.0	75192.9747391	669126841.159	0.357507517293	174260.62402	0.745503064726	1.08667826479	42137.6416214	25261.5254049
10775000.0	75390.7815486	674223993.601	0.356883873041	174260.746793	0.749146446164	1.09140548928	42184.384777	25272.2254307
10800000.0	75588.5397036	679345775.702	0.356241669481	174260.861439	0.752797562048	1.09625047811	42184.9484003	25283.3045412
10825000.0	75786.2481835	684492245.061	0.355580809155	174260.990633	0.756456403994	1.10121386915	42148.9343183	25294.7554312
10850000.0	75983.9059674	689663459.292	0.354901194604	174261.156385	0.760122963619	1.10629630023	42122.6000386	25306.5707952
10875000.0	76181.5120348	694859476.238	0.35420272837	174261.371675	0.763797232537	1.11149840922	42110.1019083	25318.7433279
10900000.0	76379.0653649	700080353.901	0.353485312993	174261.642962	0.767479202365	1.11682083397	42093.8044321	25331.265724
10925000.0	76576.5649369	705326150.289	0.352748851017	174261.976561	0.77116886472	1.12226421232	42081.3947815	25344.1306782
10950000.0	76774.0097302	710596923.268	0.351993244981	174262.378786	0.774866211216	1.12782918214	42072.4582442	25357.3308852
10975000.0	76971.3987239	715892728.735	0.351218397427	174262.85595	0.778571233469	1.13351638128	42065.4239139	25370.8590396
11000000.0	77168.7308975	721213621.142	0.350424210897	174263.414369	0.782283923096	1.13932644758	42060.1766462	25384.7078361
11025000.0	77366.00523	726559654.981	0.349610587932	174264.060357	0.786004271712	1.1452600189	42056.0691938	25398.8699693
11050000.0	77563.220701	731930885.132	0.348777431074	174264.800228	0.789732270934	1.1513177331	42049.5978259	25413.338134
11075000.0	77760.3762895	737327366.602	0.347924642863	174265.640295	0.793467912376	1.15750022802	42036.3968739	25428.1050249
11100000.0	77957.4709748	742749155.114	0.347052125842	174266.586875	0.797211187656	1.16380814153	42019.3352211	25443.1633365
11125000.0	78154.5037364	748196307.963	0.346159782551	174267.646281	0.800962088388	1.17024211146	42012.711359	25458.5057636
11150000.0	78351.4735533	753668882.634	0.345247515532	174268.82462	0.804720606189	1.17680277568	42005.3690336	25474.1249616
11175000.0	78548.379405	759166936.245	0.344315227327	174270.122607	0.808486732675	1.18349077204	41991.5436008	25490.0125584
11200000.0	78745.2202706	764690525.517	0.343362820476	174271.535168	0.812260459461	1.19030673838	41983.2221191	25506.1590799
11225000.0	78941.9951294	770239707.15	0.342390197522	174273.056944	0.816041778164	1.19725131257	41990.0599724	25522.5549977
11250000.0	79138.7029608	775814537.837	0.341397261006	174274.682577	0.819830680399	1.20432513245	41991.2154522	25539.1907834
11275000.0	79335.342744	781415073.685	0.340383913468	174276.406709	0.823627157782	1.21152883588	41980.1867634	25556.0569085
11300000.0	79531.9134583	787041369.901	0.339350057451	174278.223981	0.827431201929	1.21886306071	41988.7519926	25573.1438447
11325000.0	79728.4140829	792693481.654	0.338295595496	174280.129034	0.831242804456	1.2263284448	42003.3514778	25590.4420636
11350000.0	79924.8435971	798371464.849	0.337220430144	174282.116511	0.835061956979	1.23392562599	42011.5515599	25607.9420368
11375000.0	80121.2009802	804075376.041	0.336124463937	174284.181053	0.838888651114	1.24165524214	42015.0014559	25625.6342359
11400000.0	80317.4852115	809805271.809	0.335007599416	174286.317301	0.842722878476	1.2495179311	42015.8301009	25643.5091325
11425000.0	80513.6952703	815561208.748	0.333869739122	174288.519898	0.846564630682	1.25751433072	42016.16643	25661.5571983
11450000.0	80709.8301357	821343244.613	0.332710785598	174290.783485	0.850413899347	1.26564507886	42018.1393783	25679.7689047
11475000.0	80905.8887872	827151438.944	0.331530641383	174293.102702	0.854270676087	1.27391081337	42023.8778808	25698.1347235
11500000.0	81101.8702039	832985851.363	0.33032920902	174295.472194	0.858134952518	1.2823121721	42035.199295	25716.6451262
11525000.0	81297.7733652	838846539.871	0.329106391051	174297.886599	0.862006720257	1.29084979291	42046.7416919	25735.2905845
11550000.0	81493.5972502	844733560.845	0.327862090015	174300.340561	0.865885970918	1.29952431365	42052.3939673	25754.0615699
11575000.0	81689.3408384	850646970.591	0.326596208456	174302.828721	0.869772696118	1.30833637216	42065.0712397	25772.9485541
11600000.0	81885.003109	856586825.416	0.325308648914	174305.345721	0.873666887472	1.31728660631	42085.3730434	25791.9420087
11625000.0	82080.5830411	862553181.626	0.32399931393	174307.886201	0.877568536598	1.32637565394	42105.7490738	25811.0324052
11650000.0	82276.0796142	868546095.527	0.322668106047	174310.444805	0.881477635109	1.33560415292	42125.2585525	25830.2102153
11675000.0	82471.4918075	874565623.436	0.321314927805	174313.016173	0.885394174623	1.34497274108	42143.8650039	25849.4659105
11700000.0	82666.8186003	880611822.429	0.319939681746	174315.594946	0.889318146755	1.35448205628	42161.8312683	25868.7899626
11725000.0	82862.0589718	886684750.79	0.318542270412	174318.175768	0.893249543121	1.36413273639	42179.8988442	25888.1728431
11750000.0	83057.2119013	892784466.91	0.317122596343	174320.753278	0.897188355337	1.37392541924	42198.852175	25907.6050235
11775000.0	83252.2763681	898911029.185	0.315680562081	174323.32212	0.901134575019	1.38386074269	42219.4757039	25927.0769756
11800000.0	83447.2513515	905064496.005	0.314216070168	174325.876934	0.905088193782	1.3939393446	42242.5538741	25946.5791709
11825000.0	83642.1358307	911244925.757	0.312729023144	174328.412356	0.909049203243	1.40416186282	42268.9424027	25966.102081
11850000.0	83836.928785	917452376.613	0.311219323552	174330.922884	0.913017595018	1.41452893519	42301.2509245	25985.6361775
11875000.0	84031.6291937	923686906.53	0.309686873933	174333.402867	0.916993360722	1.42504119958	42340.3482217	26005.1719321
11900000.0	84226.2360361	929948573.454	0.308131576827	174335.846653	0.920976491971	1.43569929383	42374.2243452	26024.6998163
11925000.0	84420.7482914	936237435.331	0.306553334777	174338.248584	0.924966980381	1.44650385581	42401.3593619	26044.2103018
11950000.0	84615.1649389	942553549.544	0.304952050324	174340.603007	0.928964817568	1.45745552335	42433.2670137	26063.6938601
11975000.0	84809.4849579	948896971.559	0.30332762601	174342.904266	0.932969995148	1.46855493431	42482.0709166	26083.1409629
12000000.0	85003.7073277	955267756.434	0.301679964375	174345.146706	0.936982504737	1.47980272655	42532.9906372	26102.5420817
12025000.0	85197.8310275	961665960.183	0.300008967961	174347.324672	0.941002337951	1.49119953792	42563.7491076	26121.8876882
12050000.0	85391.8550366	968091641.904	0.29831453931	174349.432509	0.945029486405	1.50274600628	42599.5452301	26141.168254
12075000.0	85585.7783344	974544861.313	0.296596580963	174351.464562	0.949063941715	1.51444276946	42647.5198086	26160.3742507
12100000.0	85779.5998999	981025678.126	0.294854995461	174353.415176	0.953105695498	1.52629046533	42695.4866506	26179.4961499
12125000.0	85973.3187126	987534152.06	0.293089685345	174355.278695	0.957154739369	1.53828973175	42743.0289706	26198.5244231
12150000.0	86166.9337517	994070342.83	0.291300553158	174357.049465	0.961211064944	1.55044120655	42792.2555867	26217.4495421
12175000.0	86360.4439965	1000634309.92	0.289487501441	174358.721831	0.965274663839	1.5627455276	42844.8155324	26236.2619784
12200000.0	86553.8484263	1007226111.99	0.287650432734	174360.290137	0.96934552767	1.57520333275	42900.7532722	26254.9522036
12225000.0	86747.1460203	1013845807.52	0.28578924958	174361.748729	0.973423648052	1.58781525985	42959.7634555	26273.5106894
12250000.0	86940.3357578	1020493454.99	0.283903854519	174363.091951	0.977509016602	1.60058194675	43021.5407318	26291.9279072
12275000.0	87133.4166181	1027169112.88	0.281994150093	174364.314148	0.981601624936	1.6135040313	43085.7797505	26310.1943289
12300000.0	87326.3875804	1033872839.69	0.280060038845	174365.409666	0.985701464669	1.62658215137	43152.1751611	26328.3004258
12325000.0	87519.2476241	1040604693.88	0.278101423314	174366.372848	0.989808527417	1.63981694479	43220.421613	26346.2366697
12350000.0	87711.9957284	1047364733.96	0.276118206042	174367.198041	0.993922804796	1.65320904943	43290.2990306	26363.9935322
12375000.0	87904.6308725	1054153019.38	0.274110289571	174367.879589	0.998044288423	1.66675910314	43365.1026224	26381.5614848
12400000.0	88097.1520359	1060969610.79	0.272077576442	174368.411836	1.00217296991	1.68046774377	43446.5023494	26398.9309992
12425000.0	88289.5581976	1067814568.97	0.270019969197	174368.789128	1.00630884088	1.69433560916	43496.2046911	26416.092547
12450000.0	88481.8483371	1074687954.66	0.267937370377	174369.00581	1.01045189294	1.70836333719	43497.5365423	26433.0365998
12475000.0	88674.0214335	1081589828.63	0.265829682523	174369.056227	1.01460211772	1.72255156569	43493.978199	26449.7536291
12500000.0	88866.0764662	1088520251.64	0.263696808177	174368.934723	1.01875950682	1.73690093252	43482.9551412	26466.2341067
