z	T	P	nabla_ad	S	rho	delta	cp	cv
0.0	3500.36064629	90.3396036602	0.340919585467	174368.933105	4.06204048176e-06	1.03306281567	19628.9446518	12862.4481201
25000.0	3896.38926857	120.937787324	0.385334323579	174360.754395	4.87764673096e-06	1.00800204277	16729.8522292	10267.8009033
50000.0	4317.87243113	157.197934589	0.395519953167	174379.016113	5.71903591151e-06	1.00243937969	16154.437782	9758.7097168
75000.0	4744.05130333	199.35498378	0.395908935463	174360.449219	6.60031496125e-06	1.00137007236	16104.6714612	9721.22268677
100000.0	5167.54243692	247.705552005	0.390394933015	174380.834961	7.52808304583e-06	1.0023162365	16327.4796796	9931.11343384
125000.0	5580.91049897	302.601569633	0.376720808499	174361.767578	8.51310577588e-06	1.00564289093	16937.1595379	10497.1549988
150000.0	5974.0096597	364.496322258	0.352857038899	174366.992188	9.57446832928e-06	1.01292657852	18161.2498381	11626.0627747
175000.0	6336.51429	433.999194197	0.32102244591	174368.811035	1.07374908964e-05	1.02542126179	20133.125614	13432.093811
200000.0	6662.70583376	511.894386296	0.286858078464	174357.836914	1.20268897064e-05	1.04347884655	22872.0516343	15927.9083252
225000.0	6952.62824527	599.119361056	0.255054753137	174379.6875	1.34624205117e-05	1.06678938866	26252.8693173	18987.8585815
250000.0	7210.73759026	696.731668781	0.228627669487	174359.033203	1.50593315595e-05	1.09349441528	29996.511259	22353.62854
275000.0	7442.65251999	805.878834739	0.20700801133	174360.632324	1.68292526581e-05	1.12325334549	34042.4664195	25966.9433594
300000.0	7653.18629415	927.789462798	0.189701948008	174369.53125	1.87848723243e-05	1.15486180782	38251.8529489	29701.8737793
325000.0	7846.84041991	1063.78715977	0.176076268999	174352.941895	2.09394208639e-05	1.18717205524	42449.5147937	33399.6765137
350000.0	8026.80160676	1215.27614512	0.164869416298	174374.658203	2.33045334141e-05	1.22079360485	46754.6789095	37168.0084229
375000.0	8195.53974964	1383.75755374	0.155934614522	174360.400391	2.58985863866e-05	1.25385081768	50911.8227799	40780.3741455
400000.0	8355.25772032	1570.85485528	0.148622506705	174349.584961	2.8734611135e-05	1.28696131706	55006.9977655	44313.5314941
425000.0	8507.31414301	1778.27600059	0.142368611171	174383.984375	3.18263637666e-05	1.32088649273	59180.604642	47893.2159424
450000.0	8652.97416844	2007.8615525	0.137365971446	174354.56543	3.52008733273e-05	1.35286390781	63028.9075971	51165.2740479
475000.0	8793.29735308	2261.59824763	0.133085686247	174348.205566	3.88690253317e-05	1.38494312763	66854.6902037	54396.9482422
500000.0	8928.92140808	2541.55416499	0.129319271257	174380.26123	4.28480575465e-05	1.41761088371	70740.6915542	57660.7727051
525000.0	9060.5546408	2849.98422279	0.126290172585	174350.354004	4.71717385153e-05	1.44779968262	74257.0615748	60586.0961914
550000.0	9188.7784361	3189.29714697	0.123605253827	174343.591309	5.18515328451e-05	1.478094697	77763.9587652	63485.4248047
575000.0	9313.90683262	3561.98548921	0.121216324881	174383.056641	5.69025004893e-05	1.50901710987	81353.5218987	66438.9099121
600000.0	9436.35760076	3970.76818307	0.119269995414	174349.682617	6.23740916694e-05	1.53728938103	84536.8943717	69026.8005371
625000.0	9556.49760107	4418.56084333	0.117549080331	174338.916016	6.82716816414e-05	1.56528604031	87697.3504119	71582.5195312
650000.0	9674.50365283	4908.34617219	0.115953978288	174382.543945	7.46103623328e-05	1.59423935413	91002.1853693	74246.9482422
675000.0	9790.59644054	5443.34032628	0.114680927412	174354.455566	8.14527254533e-05	1.62035417557	93884.2755672	76539.0319824
700000.0	9905.06501454	6027.06531266	0.11354907791	174333.654785	8.88074325189e-05	1.64614450932	96709.5609963	78769.9829102
725000.0	10018.0156681	6663.0861304	0.112508492515	174357.910156	9.66865982832e-05	1.67235171795	99620.9513237	81063.5437012
750000.0	10129.5414178	7355.11427829	0.111613462429	174373.498535	0.000105138958872	1.69773256779	102409.074171	83240.9729004
775000.0	10239.8377611	8107.30514293	0.110843996031	174375.463867	0.000114201156975	1.72200655937	105041.714143	85277.6306152
800000.0	10348.9956719	8923.86340885	0.110164777121	174392.63916	0.000123890927739	1.74596488476	107647.836549	87283.6791992
825000.0	10457.1251961	9809.29452007	0.109602489035	174382.299805	0.000134266883833	1.76861250401	110057.188145	89115.8996582
850000.0	10564.3589081	10768.4574313	0.10912497583	174366.308594	0.000145355102177	1.79032444954	112343.578321	90838.1774902
875000.0	10670.7473366	11806.2611945	0.108691158913	174378.881836	0.000157168585702	1.81228029728	114677.435255	92591.1743164
900000.0	10776.3403787	12927.8607727	0.10832161699	174393.945312	0.00016975874928	1.83346450329	116923.434492	94265.6677246
925000.0	10881.2259479	14138.8537846	0.108033003262	174372.473145	0.000183199801995	1.85316348076	118951.591623	95753.918457
950000.0	10985.4802476	15445.1492568	0.107785152528	174365.307617	0.000197493903897	1.87262189388	120956.222101	97215.9606934
975000.0	11089.1335504	16852.6695695	0.107583750727	174381.262207	0.00021266805561	1.89196944237	122965.372107	98675.5187988
1000000.0	11192.2339101	18367.6871636	0.107435977511	174392.944336	0.000228789929224	1.9106849432	124887.397803	100057.70874
1025000.0	11294.8532875	19997.0393467	0.107345954364	174367.96875	0.000245945557253	1.92781698704	126580.880925	101249.017334
1050000.0	11397.0386989	21747.82339	0.107274856525	174363.134766	0.000264118483528	1.94506835938	128295.188608	102450.231934
1075000.0	11498.7973925	23627.1269077	0.107225525618	174379.174805	0.00028334613944	1.96215903759	130021.693646	103659.570312
1100000.0	11600.1557075	25642.4612289	0.107214145475	174391.821289	0.000303706912064	1.97854089737	131674.464214	104808.374023
1125000.0	11701.1705727	27802.0101726	0.107248677081	174368.737793	0.000325308661786	1.99362611771	133139.605706	105803.00293
1150000.0	11801.8811873	30114.3106692	0.107292462967	174359.680176	0.000348127372263	2.00840568542	134591.990973	106786.242676
1175000.0	11902.2833977	32587.7726031	0.107346481855	174373.730469	0.000372190839926	2.02323675156	136081.872479	107797.497559
1200000.0	12002.389439	35231.2474829	0.10742565321	174389.770508	0.000397586035206	2.03738498688	137495.065118	108745.568848
1225000.0	12102.2404104	38054.3221784	0.107546410836	174375.793457	0.000424439804192	2.05043578148	138739.999017	109556.005859
1250000.0	12201.8877353	41067.2363615	0.107691723076	174357.971191	0.00045276453875	2.06323766708	139940.713394	110326.757812
1275000.0	12301.3364427	44279.9631613	0.107845724631	174365.771484	0.000482543271119	2.07610344887	141175.398588	111122.424316
1300000.0	12400.5888968	47702.7939816	0.108012693997	174384.362793	0.000513860129558	2.08847165108	142370.349261	111886.38916
1325000.0	12499.6621159	51346.7373476	0.10819830936	174388.952637	0.000546843125449	2.09975504875	143430.750256	112544.555664
1350000.0	12598.5939076	55223.8052392	0.108409529836	174361.486816	0.000581621861784	2.11012005806	144343.81822	113084.082031
1375000.0	12697.4063656	59346.0949973	0.10863059025	174355.102539	0.000618104081695	2.12081718445	145308.779551	113661.096191
1400000.0	12796.0957432	63725.4429987	0.108860961873	174369.238281	0.000656340546357	2.13152647018	146294.591961	114252.929688
1425000.0	12894.6671175	68374.3112341	0.10910421991	174387.353516	0.000696444942605	2.14170980453	147226.56877	114802.526855
1450000.0	12993.1401322	73306.1239405	0.109364454487	174384.460449	0.000738585981708	2.15081715584	148016.483401	115241.931152
1475000.0	13091.5498276	78535.4840906	0.109643712517	174355.981445	0.000782870301919	2.15912151337	148683.522018	115584.179688
1500000.0	13189.9084851	84076.5996022	0.109933239662	174352.416992	0.000829156988402	2.16768980026	149403.197232	115965.466309
1525000.0	13288.2131905	89943.5098782	0.110231970757	174367.089844	0.0008775268725	2.17620372772	150137.260918	116357.824707
1550000.0	13386.4676636	96151.0245233	0.110539938711	174384.887695	0.000928115071019	2.184258461	150827.68268	116717.834473
1575000.0	13484.685858	102715.083204	0.110857320107	174383.630371	0.000981118887466	2.19145512581	151408.136679	116995.251465
1600000.0	13582.8936104	109653.054275	0.111184427547	174354.992676	0.00103668230622	2.19791531563	151882.707733	117192.651367
1625000.0	13681.0997475	116981.868652	0.111518464035	174348.144531	0.00109460620479	2.20453691483	152403.522096	117426.501465
1650000.0	13779.2988382	124717.988202	0.111859775878	174359.82666	0.00115496686703	2.21109700203	152940.471912	117673.718262
1675000.0	13877.4918926	132878.700009	0.112209162838	174377.856445	0.001217907311	2.21729135513	153445.451888	117897.619629
1700000.0	13975.6889663	141482.480084	0.112567022711	174384.814453	0.00128363308249	2.22282481194	153865.658329	118057.836914
1725000.0	14073.910392	150549.35545	0.11293499304	174361.828613	0.00135237212362	2.22763848305	154174.356921	118133.59375
1750000.0	14172.1768213	160099.979076	0.11331271123	174345.715332	0.00142398312164	2.23241448402	154488.176278	118213.769531
1775000.0	14270.4853498	170153.637194	0.113697525781	174349.975586	0.00149838660946	2.2371532917	154821.527184	118310.107422
1800000.0	14368.8333346	180730.120955	0.114089046766	174365.478516	0.00157573811066	2.24163627625	155138.891178	118395.703125
1825000.0	14467.2244845	191850.418778	0.114486248398	174379.785156	0.00165622941495	2.24564671516	155402.860665	118442.358398
1850000.0	14565.6687581	203536.935998	0.114889473052	174377.783203	0.00174008278009	2.24910187721	155588.698217	118431.103516
1875000.0	14664.1878924	215813.895421	0.115303256374	174352.832031	0.00182751159628	2.25229287148	155720.920291	118379.077148
1900000.0	14762.7918024	228704.980981	0.115723377055	174343.029785	0.00191821663975	2.25542378426	155865.060661	118337.609863
1925000.0	14861.476092	242232.85724	0.116149156387	174349.169922	0.00201225611818	2.25835585594	156006.66604	118296.496582
1950000.0	14960.2394171	256421.115002	0.11657960982	174363.232422	0.00210979487747	2.26092600822	156118.212146	118234.985352
1975000.0	15059.0850205	271294.648779	0.117014976273	174375.317383	0.0022110352802	2.26303577423	156180.258742	118138.696289
2000000.0	15158.0234647	286879.688251	0.117460119383	174375.671387	0.00231618628277	2.26486301422	156201.799224	118013.110352
2025000.0	15257.0730298	303204.430116	0.117911738244	174353.295898	0.00242553778662	2.26648950577	156177.778429	117853.283691
2050000.0	15356.242968	320296.93912	0.11836803254	174341.625977	0.00253875691669	2.26798057556	156151.075343	117693.054199
2075000.0	15455.5293587	338183.823498	0.118828558853	174343.652344	0.00265587618742	2.26922559738	156112.279748	117526.000977
2100000.0	15554.9303456	356892.613628	0.11929346979	174353.881836	0.00277704793916	2.27013158798	156045.642647	117340.41748
2125000.0	15654.4486444	376451.698355	0.11976813382	174368.237305	0.00290238858724	2.27077531815	155957.980357	117141.235352
2150000.0	15754.0924151	396890.82563	0.120250658292	174375.866699	0.00303218712361	2.27117943764	155838.823445	116919.689941
2175000.0	15853.8747473	418242.161889	0.120736516516	174362.231445	0.00316684918289	2.27139353752	155678.088272	116667.687988
2200000.0	15953.8089315	440539.686307	0.121223752075	174341.625977	0.00330628108713	2.27145433426	155492.854942	116398.376465
2225000.0	16053.8938404	463814.975818	0.121714950202	174334.680176	0.00345019088854	2.27127242088	155295.570783	116122.631836
2250000.0	16154.1275913	488099.11393	0.122215757359	174340.979004	0.00359861087418	2.27087903023	155090.132924	115843.261719
2275000.0	16254.5117787	513423.901118	0.122725615011	174354.907227	0.00375173044631	2.27026391029	154868.77986	115553.979492
2300000.0	16355.0509754	539822.804277	0.123242004131	174368.371582	0.00390983313991	2.26941680908	154621.453593	115246.838379
2325000.0	16455.752829	567331.495953	0.123761018919	174371.435547	0.00407327615903	2.26836252213	154341.286177	114916.430664
2350000.0	16556.6281064	595988.473641	0.124278752505	174352.91748	0.00424248719355	2.26717972755	154027.14223	114561.621094
2375000.0	16657.6865461	625832.885982	0.124802395651	174335.266113	0.00441703741672	2.26586914062	153703.492535	114201.611328
2400000.0	16758.9280281	656900.240902	0.125334747117	174331.750488	0.00459667262476	2.26435208321	153374.597837	113840.29541
2425000.0	16860.3521785	689226.390411	0.125874726931	174338.305664	0.00478157926409	2.26260995865	153032.209864	113471.130371
2450000.0	16961.9605482	722848.642118	0.126420461824	174349.731445	0.00497199516758	2.26062846184	152668.572274	113088.195801
2475000.0	17063.7566912	757806.08561	0.126970964808	174360.620117	0.00516817044627	2.25840997696	152278.636883	112687.597656
2500000.0	17165.74712	794139.254918	0.12752847002	174366.491699	0.00537031110071	2.25601696968	151866.7756	112272.583008
2525000.0	17267.9412906	831890.887283	0.128088537762	174358.300781	0.00557885505259	2.25357437134	151437.790081	111845.910645
2550000.0	17370.3491641	871106.464474	0.128648992709	174338.317871	0.00579392144573	2.25112986565	150999.586234	111413.28125
2575000.0	17472.9729017	911828.719926	0.129214883317	174328.637695	0.00601491865382	2.24848866463	150552.593509	110976.281738
2600000.0	17575.8117433	954099.147096	0.129787428922	174328.271484	0.00624194126431	2.24560046196	150090.239993	110530.187988
2625000.0	17678.8673354	997959.547431	0.130370630453	174336.376953	0.0064750306592	2.24244761467	149609.992545	110073.364258
2650000.0	17782.1433236	1043452.84287	0.130962368128	174348.571777	0.00671444877298	2.23909044266	149111.89618	109605.322266
2675000.0	17885.6447513	1090624.07301	0.131559625753	174359.265137	0.00696053666616	2.23560166359	148596.887762	109126.135254
2700000.0	17989.3776381	1139520.89024	0.132158100046	174361.767578	0.00721371634427	2.23207306862	148068.484254	108637.792969
2725000.0	18093.3491645	1190194.03472	0.132755312471	174349.584961	0.0074744025369	2.22858834267	147531.290173	108143.334961
2750000.0	18197.5671647	1242695.52862	0.133355869287	174331.164551	0.00774236013967	2.22508335114	146988.850763	107646.154785
2775000.0	18302.0340265	1297072.98449	0.133965812256	174323.461914	0.00801697569841	2.2213742733	146435.933345	107143.273926
2800000.0	18406.7509196	1353373.24704	0.134583744104	174324.194336	0.00829843611427	2.21746444702	145870.646591	106633.26416
2825000.0	18511.7196603	1411644.64982	0.135207830061	174330.371094	0.00858698058437	2.21336698532	145291.59757	106115.063477
2850000.0	18616.9432816	1471936.91474	0.13584027378	174340.136719	0.00888273007149	2.20904827118	144694.142012	105585.375977
2875000.0	18722.4269077	1534300.59848	0.136480944554	174350.415039	0.00918589648791	2.20454549789	144080.029455	105045.373535
2900000.0	18828.1764184	1598788.58003	0.137125974655	174356.201172	0.00949688001128	2.19996714592	143455.7471	104499.243164
2925000.0	18934.1976762	1665456.77083	0.137770387636	174351.794434	0.00981617449725	2.19544458389	142829.844999	103952.67334
2950000.0	19040.4962923	1734364.71051	0.138410023671	174333.703613	0.0101441928564	2.19107890129	142209.795332	103410.705566
2975000.0	19147.0759048	1805569.86936	0.139057839691	174321.154785	0.0104799100882	2.18654608727	141579.064017	102862.854004
3000000.0	19253.9388455	1879124.61439	0.139716337099	174317.443848	0.0108231906779	2.18179059029	140934.11176	102306.646729
3025000.0	19361.0878466	1955082.23529	0.140384042015	174320.410156	0.0111742465378	2.17685294151	140276.574714	101742.938232
3050000.0	19468.5260207	2033497.65516	0.141058899559	174327.46582	0.0115333441499	2.1717813015	139608.515421	101172.833252
3075000.0	19576.257058	2114427.72128	0.141740698341	174336.376953	0.0119007090689	2.16659069061	138928.554162	100594.9646
3100000.0	19684.2866788	2197930.13953	0.142431963953	174345.471191	0.0122764586195	2.16124486923	138231.820489	100005.828857
3125000.0	19792.6210547	2284064.57394	0.143127787744	174350.793457	0.0126610184452	2.15587353706	137529.457019	99413.3483887
3150000.0	19901.2650431	2372894.08649	0.14382177323	174347.65625	0.013054925148	2.15061736107	136833.859687	98826.373291
3175000.0	20010.2217023	2464485.6853	0.144507444144	174331.90918	0.0134587153298	2.14560317993	136157.060025	98253.6743164
3200000.0	20119.4928049	2558905.55214	0.145198598523	174318.212891	0.0138713639899	2.14046788216	135472.953193	97677.3986816
3225000.0	20229.0823066	2656212.76494	0.14590329824	174312.329102	0.0142924018292	2.13502788544	134766.891054	97087.4633789
3250000.0	20338.9946804	2756466.16909	0.146620294106	174312.939453	0.0147219816427	2.1293361187	134042.470255	96486.1816406
3275000.0	20449.2344784	2859725.85981	0.147348015776	174318.505859	0.0151602916958	2.12345004082	133303.942892	95876.3916016
3300000.0	20559.8061119	2966053.4228	0.148084503024	174327.185059	0.0156075730047	2.11743736267	132556.013169	95261.1083984
3325000.0	20670.7138097	3075512.28732	0.148827301734	174336.755371	0.0160641120601	2.11136984825	131804.06663	94643.9880371
3350000.0	20781.9613219	3188168.05428	0.149573343897	174344.702148	0.0165302590176	2.10532665253	131053.989772	94028.9367676
3375000.0	20893.551791	3304089.03901	0.150318951258	174348.071289	0.0170064304257	2.09939193726	130312.533453	93420.6665039
3400000.0	21005.4873633	3423346.64775	0.151059711153	174343.554688	0.0174931192305	2.09365487099	129587.114641	92824.3530273
3425000.0	21117.7689071	3546015.81224	0.151791963527	174329.187012	0.0179907074198	2.08818101883	128883.566515	92244.1040039
3450000.0	21230.3961838	3672169.585	0.152524438324	174316.97998	0.0184982473002	2.08275270462	128188.495507	91671.0510254
3475000.0	21343.3695354	3801875.79595	0.153264229355	174309.936523	0.0190154096344	2.07719993591	127486.307772	91094.2687988
3500000.0	21456.6945471	3935200.41244	0.154020359766	174308.520508	0.0195419561351	2.0713365078	126758.00244	90500.402832
3525000.0	21570.3784041	4072209.35152	0.154790876961	174311.621094	0.0200780450541	2.06521701813	126008.744325	89893.0908203
3550000.0	21684.4275174	4212969.88289	0.155573250699	174317.956543	0.0206238782994	2.05891156197	125244.630178	89276.5136719
3575000.0	21798.8473121	4357550.74328	0.156364646048	174325.952148	0.0211797050724	2.05248975754	124471.924351	88655.0537109
3600000.0	21913.6422446	4506022.7192	0.157161778568	174333.80127	0.0217458473344	2.04602885246	123697.1955	88033.1848145
3625000.0	22028.8155551	4658458.87476	0.157960869217	174339.465332	0.0223226561502	2.03960990906	122927.591942	87415.8996582
3650000.0	22144.3690723	4814935.02069	0.158757779003	174340.625	0.0229105498875	2.03331828117	122170.318588	86808.1298828
3675000.0	22260.3030829	4975530.21691	0.159547644838	174334.655762	0.0235100560531	2.02724313736	121433.096571	86215.2526855
3700000.0	22376.6161093	5140326.50679	0.160329019926	174322.351074	0.0241212546825	2.02140498161	120718.686344	85639.2211914
3725000.0	22493.3062993	5309401.56977	0.161110015953	174313.562012	0.0247431235039	2.01562428474	120015.142941	85071.9604492
3750000.0	22610.3731956	5482829.38119	0.161897733133	174308.850098	0.0253755060839	2.00975894928	119307.647988	84502.9418945
3775000.0	22727.8225675	5660682.32388	0.162700334997	174308.227539	0.026018195058	2.00364971161	118580.017191	83920.7946777
3800000.0	22845.6612632	5843032.79633	0.163515702373	174311.035156	0.0266713323072	1.99735224247	117837.205558	83328.9428711
3825000.0	22963.8951018	6029954.39362	0.164341369569	174316.357422	0.0273350851785	1.9909222126	117084.413078	82731.0058594
3850000.0	23082.5286732	6221521.94439	0.165174532799	174323.144531	0.0280096737697	1.98441934586	116326.955011	82130.657959
3875000.0	23201.5653842	6417812.02878	0.166012126002	174330.224609	0.0286953509203	1.97790634632	115570.585386	81531.9396973
3900000.0	23321.0071839	6618903.20087	0.166850743454	174336.206055	0.0293924349535	1.97144794464	114821.093232	80938.873291
3925000.0	23440.8545505	6824876.3282	0.167686653222	174339.526367	0.0301012842101	1.96510910988	114084.383201	80355.6213379
3950000.0	23561.1063328	7035815.01364	0.168515772921	174338.464355	0.0308223352476	1.95895791054	113366.566179	79786.4501953
3975000.0	23681.7597022	7251806.11408	0.169333783242	174331.066895	0.0315560500894	1.95306372643	112673.754079	79235.6689453
4000000.0	23802.8103503	7472938.17278	0.170143635605	174320.654297	0.0323020940414	1.9473553896	112001.160779	78700.0854492
4025000.0	23924.2588081	7699292.02378	0.170963877796	174313.989258	0.0330592010869	1.94148862362	111318.274809	78158.5632324
4050000.0	24046.1107252	7930944.91593	0.171795711775	174310.839844	0.033827353036	1.93545091152	110623.242944	77609.6679688
4075000.0	24168.3709689	8167974.3486	0.172637200612	174310.852051	0.0346066481143	1.92928421497	109919.762757	77055.8898926
4100000.0	24291.0434808	8410458.80183	0.173486327753	174313.549805	0.0353972063749	1.92303395271	109211.717781	76499.8413086
4125000.0	24414.1309462	8658477.42978	0.174340646076	174318.261719	0.0361991624231	1.91674768925	108503.191946	75944.2810059
4150000.0	24537.6349265	8912110.75145	0.175197609332	174324.34082	0.0370127163478	1.91047286987	107798.391588	75392.1081543
4175000.0	24661.5555949	9171440.70848	0.176054348076	174330.957031	0.0378380864277	1.9042583704	107101.655176	74846.3012695
4200000.0	24785.891705	9436550.93252	0.176907761732	174337.207031	0.038675549149	1.89815354347	106417.429836	74309.979248
4225000.0	24910.6405012	9707527.02042	0.177754542244	174342.016602	0.0395253991883	1.89220583439	105750.043419	73786.1877441
4250000.0	25035.7977	9984456.99689	0.178591854622	174344.238281	0.0403880148951	1.88645386696	105102.91736	73277.331543
4275000.0	25161.3606621	10267431.0239	0.179426300107	174342.297363	0.0412636072724	1.88076460361	104462.631483	72774.1821289
4300000.0	25287.3309167	10556540.7063	0.180258833611	174334.94873	0.0421524237026	1.87511575222	103826.381916	72274.7436523
4325000.0	25413.7096827	10851877.4049	0.181092795516	174325.915527	0.0430538057117	1.86945664883	103191.438459	71777.2216797
4350000.0	25540.4985931	11153525.0173	0.181932063493	174320.092773	0.0439668219769	1.86372089386	102553.947947	71279.0344238
4375000.0	25667.6986812	11461565.4486	0.182775005024	174317.236328	0.0448915598099	1.85794007778	101916.649213	70782.03125
4400000.0	25795.3099936	11776081.0652	0.183619941799	174317.089844	0.0458280919702	1.8521490097	101282.46796	70288.1469727
4425000.0	25923.3314761	12097154.9932	0.184464581321	174319.262695	0.046776542149	1.84638345242	100654.538431	69799.4934082
4450000.0	26051.76105	12424871.3528	0.185306874926	174323.400879	0.0477370558656	1.84068024158	100036.023158	69318.2128906
4475000.0	26180.5953683	12759315.26	0.18614437117	174329.003906	0.0487098077429	1.83507728577	99430.1638036	68846.5026855
4500000.0	26309.8299943	13100573.3606	0.186975501298	174335.461426	0.0496950160596	1.82959234715	98838.3242024	68385.3088379
4525000.0	26439.4624156	13448733.7354	0.187805677034	174341.503906	0.0506928554387	1.82411336899	98249.7477544	67927.355957
4550000.0	26569.492723	13803885.5556	0.188635112947	174346.557617	0.0517035077792	1.81863903999	97663.7969044	67472.1191406
4575000.0	26699.9208649	14166119.2234	0.189462698519	174350.048828	0.0527271113242	1.81319570541	97082.4404514	67020.880127
4600000.0	26830.7461301	14535526.2806	0.190287234866	174351.391602	0.0537638698006	1.80781209469	96507.76756	66574.9389648
4625000.0	26961.9672641	14912199.7549	0.19110711894	174349.87793	0.0548139796592	1.80251765251	95941.9940312	66135.736084
4650000.0	27093.5824179	15296234.2215	0.191920960286	174344.775391	0.0558777101105	1.79734110832	95387.4124464	65704.7973633
4675000.0	27225.5889926	15687725.6558	0.192728602105	174336.950684	0.0569548974454	1.79228425026	94844.5249198	65282.434082
4700000.0	27357.9840361	16086763.8619	0.193533746674	174331.628418	0.0580443520448	1.7872800827	94309.7905876	64866.4123535
4725000.0	27490.763972	16493434.5677	0.194335129204	174329.101562	0.0591460193391	1.78234672546	93784.9920306	64457.9650879
4750000.0	27623.9246575	16907824.1141	0.19513279001	174328.747559	0.0602600775892	1.77745223045	93267.5566508	64055.5297852
4775000.0	27757.4634324	17330020.3702	0.195928587011	174329.797363	0.0613866868662	1.77253830433	92752.3107495	63655.7250977
4800000.0	27891.3784591	17760111.8445	0.19672259706	174332.104492	0.0625259199296	1.76761746407	92239.8884067	63258.8562012
4825000.0	28025.6679031	18198187.2592	0.197514678788	174335.498047	0.0636777986074	1.76270449162	91731.2025749	62865.4541016
4850000.0	28160.3300023	18644336.0656	0.198304557459	174339.782715	0.064842402935	1.75781571865	91227.3239442	62476.1413574
4875000.0	28295.3628436	19098648.0355	0.199091781969	174344.665527	0.0660198275	1.75296831131	90729.3366471	62091.5649414
4900000.0	28430.7643327	19561213.6009	0.199875870545	174349.853516	0.0672101596138	1.74818217754	90238.564888	61712.512207
4925000.0	28566.5321816	20032124.0232	0.200655906855	174355.004883	0.0684135302436	1.74347627163	89756.4129226	61339.8864746
4950000.0	28702.6638296	20511471.585	0.20143122021	174359.765625	0.0696300558047	1.73887193203	89284.3328456	60974.5727539
4975000.0	28839.1561425	20999349.5382	0.202200206891	174363.452148	0.0708600127837	1.73437523842	88822.8184532	60616.9494629
5000000.0	28976.0054648	21495853.9386	0.202961258211	174364.904785	0.072103808634	1.72994506359	88369.058	60265.5273438
5025000.0	29113.2082024	22001082.8435	0.203714781122	174363.500977	0.0733616252546	1.72558426857	87922.8366483	59920.0317383
5050000.0	29250.7615373	22515135.7346	0.204461520342	174358.850098	0.0746336445445	1.72130119801	87484.2445854	59580.3710938
5075000.0	29388.6631416	23038112.3614	0.205203392998	174351.867676	0.0759195972933	1.71708297729	87052.2764386	59245.7763672
5100000.0	29526.9111755	23570105.8624	0.205944055429	174346.655273	0.077218253864	1.71287941933	86624.029561	58914.3188477
5125000.0	29665.5041683	24111205.3479	0.206684420988	174343.444824	0.0785295123933	1.70869636536	86199.6867422	58586.0168457
5150000.0	29804.4410287	24661499.8427	0.207424610031	174342.114258	0.0798534165369	1.70454359055	85779.7896491	58261.138916
5175000.0	29943.7208619	25221078.4588	0.20816499528	174342.663574	0.081189951743	1.7004327774	85364.9731711	57940.0085449
5200000.0	30083.3426556	25790030.4872	0.208904192145	174344.824219	0.0825391834951	1.6963711977	84955.8861843	57623.1018066
5225000.0	30223.3037149	26368446.9112	0.209637780768	174347.77832	0.0839014683152	1.69234311581	84552.2371808	57310.6506348
5250000.0	30363.60025	26956420.2289	0.21036630475	174351.367188	0.0852769153425	1.6883443594	84153.4783478	57002.2766113
5275000.0	30504.2293257	27554043.2186	0.21109079427	174355.419922	0.0866655318532	1.68437516689	83759.3328949	56697.7111816
5300000.0	30645.1888399	28161409.1203	0.211812525263	174359.729004	0.0880673687789	1.68043792248	83369.5086376	56396.6430664
5325000.0	30786.4774008	28778611.4821	0.212532402001	174364.160156	0.089482513431	1.67653465271	82983.8742168	56098.9074707
5350000.0	30928.0944256	29405744.1356	0.213251311929	174368.469238	0.0909109585336	1.6726706028	82602.4227417	55804.3762207
5375000.0	31070.0399706	30042901.5705	0.213970255291	174372.412109	0.0923527841223	1.66885221004	82225.2378987	55512.9821777
5400000.0	31212.3147279	30690178.4413	0.214690040558	174375.720215	0.0938080920605	1.66508805752	81852.5301574	55224.7314453
5425000.0	31354.9196657	31347670.4226	0.215408644338	174377.978516	0.095277078799	1.6613868475	81485.1090613	54940.222168
5450000.0	31497.8529544	32015475.6648	0.216120470443	174378.33252	0.0967601226876	1.65775215626	81124.2307504	54660.6933594
5475000.0	31641.1116604	32693694.1349	0.216826188306	174376.403809	0.098257442005	1.65418469906	80769.5447973	54385.7971191
5500000.0	31784.6936703	33382427.0185	0.21752666972	174371.789551	0.0997691240627	1.65068459511	80420.7175677	54115.2099609
5525000.0	31928.5975591	34081775.0059	0.218224379588	174365.856934	0.101294688648	1.64722943306	80076.2965721	53847.9614258
5550000.0	32072.8229489	34791831.7837	0.218923311513	174361.376953	0.102833029814	1.6437805891	79733.8118215	53582.3730469
5575000.0	32217.3703926	35512687.6222	0.219624779881	174358.398438	0.10438413301	1.64033460617	79392.7770545	53318.0480957
5600000.0	32362.24133	36244432.435	0.220330294985	174356.896973	0.10594795458	1.63689017296	79052.8234114	53054.6508789
5625000.0	32507.4381742	36987155.9762	0.221041079673	174356.82373	0.107524421765	1.6334489584	78713.7251849	52791.9128418
5650000.0	32652.9631483	37740948.5853	0.221753182382	174357.861328	0.109113723738	1.63001763821	78376.888188	52531.0668945
5675000.0	32798.8153172	38505902.0367	0.222463563491	174359.619141	0.110716064228	1.62660229206	78043.2459003	52272.9248047
5700000.0	32944.9938841	39282108.6655	0.223173214345	174362.072754	0.112331472337	1.62320327759	77712.2823179	52017.0227051
5725000.0	33091.4987848	40069661.2342	0.223883367888	174365.063477	0.113959933515	1.619820714	77383.4989218	51762.8967285
5750000.0	33238.3307717	40868652.2953	0.224595120867	174368.432617	0.115601505968	1.61645615101	77056.452659	51510.1318359
5775000.0	33385.4914123	41679174.5707	0.225309791939	174372.167969	0.117256087833	1.61310863495	76730.6446461	51258.2641602
5800000.0	33532.9830184	42501320.5877	0.226028416729	174376.049805	0.118923795526	1.60977935791	76405.6980842	51006.9274902
5825000.0	33680.8087734	43335183.1504	0.226752179669	174379.968262	0.120604556287	1.6064684391	76081.2051402	50755.7189941
5850000.0	33828.9724683	44180854.8641	0.227481258834	174383.740234	0.122298399219	1.60317695141	75757.2056395	50504.6203613
5875000.0	33977.4763211	45038429.5029	0.228210745237	174386.816406	0.124005644466	1.59991407394	75435.2916235	50254.9713135
5900000.0	34126.3210278	45908002.9414	0.228940151609	174389.013672	0.12572639389	1.59668087959	75115.6871046	50006.9519043
5925000.0	34275.5073519	46789670.7407	0.229669657778	174390.039062	0.127460705698	1.59347772598	74798.4102199	49760.5957031
5950000.0	34425.0362756	47683529.5611	0.230399550001	174389.758301	0.129208623548	1.59030580521	74483.4697007	49515.8782959
5975000.0	34574.9089839	48589675.9443	0.231129969499	174387.878418	0.130970249302	1.58716619015	74170.8375734	49272.7905273
6000000.0	34725.126998	49508207.6289	0.231861240939	174384.191895	0.132745626615	1.58406043053	73860.6071017	49031.4025879
6025000.0	34875.6920515	50439221.9905	0.232594652064	174379.150391	0.13453453721	1.58098268509	73552.2427367	48791.3146973
6050000.0	35026.6071001	51382810.8973	0.233334612853	174375.244141	0.136335816933	1.57789981365	73243.5677455	48551.0925293
6075000.0	35177.875619	52339061.8394	0.234079375173	174372.412109	0.138149480335	1.57481467724	72934.9834388	48311.0473633
6100000.0	35329.499828	53308063.5316	0.234827697448	174370.532227	0.139975658385	1.57172989845	72626.8125494	48071.4324951
6125000.0	35481.4819039	54289904.6009	0.235580052208	174369.53125	0.141814205563	1.56864440441	72318.953623	47832.1624756
6150000.0	35633.8242918	55284673.2061	0.23633668403	174369.360352	0.143665165524	1.56555783749	72011.3168209	47593.182373
6175000.0	35786.5296358	56292457.4395	0.237098004146	174369.98291	0.145528407302	1.56246948242	71703.8006017	47354.4036865
6200000.0	35939.6008848	57313344.4281	0.23786462276	174371.313477	0.14740388724	1.55937898159	71396.2652057	47115.6982422
6225000.0	36093.0413146	58347421.301	0.238636948108	174373.291016	0.149291561684	1.55628693104	71088.6094784	46876.9775391
6250000.0	36246.8545712	59394774.6674	0.239415562413	174375.830078	0.151191328769	1.5531924963	70780.7128995	46638.1317139
6275000.0	36401.044564	60455491.0868	0.240200209602	174378.735352	0.15310330491	1.55009865761	70472.6361232	46399.1760254
6300000.0	36555.614694	61529658.0295	0.24098973989	174381.787109	0.155027693836	1.54700863361	70164.6510115	46160.3271484
6325000.0	36710.5681667	62617363.7733	0.2417838086	174384.936523	0.156964364578	1.54392325878	69856.9829375	45921.7498779
6350000.0	36865.9079997	63718696.2637	0.242582061287	174388.037109	0.15891334624	1.54084324837	69549.7970845	45683.605957
6375000.0	37021.6369532	64833743.1413	0.243384331247	174390.966797	0.160874624271	1.53776907921	69243.2762892	45446.0418701
6400000.0	37177.7577356	65962592.1276	0.244190304659	174393.701172	0.16284819867	1.53470230103	68937.5841892	45209.173584
6425000.0	37334.2728792	67105330.4238	0.24499977336	174396.09375	0.164833953022	1.53164327145	68632.8657561	44973.1262207
6450000.0	37491.1848467	68262045.2038	0.245812638472	174398.046875	0.166831916431	1.52859318256	68329.2463573	44737.9882812
6475000.0	37648.4962178	69432824.1351	0.246629146159	174399.279785	0.16884226352	1.52555119991	68026.5193601	44503.5919189
6500000.0	37806.2099196	70617756.4921	0.247449110829	174399.487305	0.170865154359	1.52251887321	67724.6031574	44269.8425293
6525000.0	37964.3285261	71816931.5463	0.248271606736	174398.608398	0.172900559846	1.51949977875	67423.8443352	44037.0025635
6550000.0	38122.8540571	73030438.587	0.249095683106	174396.496582	0.174948450876	1.51649868488	67124.687371	43805.3894043
6575000.0	38281.788011	74258367.1636	0.249920542468	174392.96875	0.177008885657	1.51352071762	66827.4655391	43575.2288818
6600000.0	38441.1313319	75500806.214	0.250746280792	174388.415527	0.179081573151	1.51056301594	66532.1384929	43346.5270996
6625000.0	38600.8858187	76757839.4216	0.251576150702	174384.643555	0.181165465619	1.50760531425	66237.2650202	43118.2830811
6650000.0	38761.0538225	78029546.3674	0.252410392681	174381.82373	0.183260359336	1.50464689732	65942.8148201	42890.4876709
6675000.0	38921.6380118	79316006.071	0.253250415231	174379.785156	0.185366341611	1.50168466568	65648.2030211	42662.6586914
6700000.0	39082.6422644	80617298.6576	0.25409681732	174378.405762	0.187483528862	1.49871563911	65353.0905985	42434.5428467
6725000.0	39244.070245	81933504.399	0.254948803013	174377.636719	0.189611862879	1.49574136734	65057.7584704	42206.3781738
6750000.0	39405.9251076	83264702.033	0.255805756871	174377.46582	0.191751169041	1.49276423454	64762.5198653	41978.4240723
6775000.0	39568.2096493	84610970.616	0.256666920418	174377.868652	0.193901360035	1.48978638649	64467.6988778	41750.9368896
6800000.0	39730.9260862	85972387.789	0.257531624697	174378.78418	0.19606234855	1.48680913448	64173.5390834	41524.130249
6825000.0	39894.0762805	87349030.6332	0.25839922991	174380.224609	0.198233989067	1.48383545876	63880.361734	41298.248291
6850000.0	40057.6617002	88740976.0152	0.25926925491	174382.104492	0.200416339794	1.48086571693	63588.3613595	41073.4710693
6875000.0	40221.6844303	90148301.3569	0.26014388375	174384.155273	0.202609531698	1.47789430618	63296.5388798	40849.0081787
6900000.0	40386.1476673	91571084.9544	0.261023134035	174386.352539	0.204813637538	1.47492134571	63004.9183976	40624.8565674
6925000.0	40551.0542233	93009404.8391	0.261906058346	174388.623047	0.207028555451	1.47194850445	62713.852614	40401.3122559
6950000.0	40716.4063717	94463338.609	0.262792012253	174390.991211	0.209254139918	1.46897959709	62423.7234379	40178.6376953
6975000.0	40882.2057561	95932962.3436	0.263679935625	174393.408203	0.211490318179	1.46601760387	62134.9167484	39957.1228027
7000000.0	41048.4535042	97418352.5857	0.264568872934	174395.800781	0.213737104787	1.46306586266	61847.8248714	39737.0697021
7025000.0	41215.1500666	98919584.5066	0.265458094996	174398.22998	0.215994223254	1.46012806892	61562.7891313	39518.7042236
7050000.0	41382.2956331	100436733.534	0.266347783717	174400.488281	0.218261906411	1.4572031498	61279.660875	39301.9287109
7075000.0	41549.8916745	101969876.538	0.267239795225	174402.34375	0.22054038709	1.45428419113	60997.5475446	39086.0809326
7100000.0	41717.9398912	103519090.992	0.268133464786	174403.759766	0.222829461563	1.45137524605	60716.7883703	38871.3897705
7125000.0	41886.4414025	105084453.06	0.269027643954	174404.626465	0.225129129831	1.44848036766	60437.7325691	38658.102417
7150000.0	42055.3965878	106666038.964	0.269921397044	174404.89502	0.227439275477	1.44560360909	60160.7059433	38446.4263916
7175000.0	42224.8052613	108263923.432	0.270813694199	174404.516602	0.229759782087	1.44274926186	59886.0916364	38236.6455078
7200000.0	42394.666435	109878180.926	0.271703303359	174403.417969	0.232090606005	1.43992173672	59614.2490134	38028.9855957
7225000.0	42564.9785929	111508885.862	0.272589687953	174401.428223	0.234431645367	1.43712389469	59345.3965926	37823.6022949
7250000.0	42735.7406797	113156112.967	0.273474670935	174398.352051	0.236783205764	1.4343508482	59078.6975224	37619.8242188
7275000.0	42906.9527681	114819938.595	0.274359586217	174394.616699	0.239145199885	1.43159520626	58813.6382933	37417.3187256
7300000.0	43078.615763	116500433.61	0.275246291154	174391.369629	0.241516521783	1.42884373665	58549.5355238	37215.6677246
7325000.0	43250.7304785	118197666.706	0.276134019444	174388.696289	0.243897200562	1.4260969162	58286.6436731	37015.0939941
7350000.0	43423.2971923	119911704.951	0.277022021721	174386.59668	0.246287236223	1.423355937	58025.2288996	36815.8325195
7375000.0	43596.3156868	121642614.674	0.277909345572	174385.107422	0.248686323175	1.42062091827	57765.5545054	36618.1243896
7400000.0	43769.7852517	123390461.861	0.278795607845	174384.301758	0.251094374107	1.4178930521	57507.9051749	36422.2015381
7425000.0	43943.70512	125155312.248	0.279681423671	174383.935547	0.253511650953	1.41516792774	57251.7368862	36227.6641846
7450000.0	44118.0757662	126937233.379	0.280567875313	174383.898926	0.255938270129	1.41244459152	56996.7776268	36034.286499
7475000.0	44292.8975326	128736292.712	0.281454260153	174384.204102	0.258374115219	1.4097263813	56743.2364982	35842.1966553
7500000.0	44468.1703989	130552557.262	0.282340086364	174384.838867	0.260818982497	1.40701675415	56491.3881925	35651.574707
7525000.0	44643.8938259	132386091.646	0.283224773957	174385.791016	0.263272813754	1.40431952477	56241.4426617	35462.5244141
7550000.0	44820.0669535	134236960.203	0.28410738291	174387.084961	0.265735288849	1.40163874626	55993.709066	35275.2655029
7575000.0	44996.6882536	136105226.1	0.284987454394	174388.671875	0.268206436886	1.39897799492	55748.4073925	35089.9169922
7600000.0	45173.7561703	137990952.682	0.285865162664	174390.466309	0.270686345175	1.39633893967	55505.3514992	34906.2957764
7625000.0	45351.2698898	139894205.095	0.286741315184	174392.260742	0.273175392067	1.3937176466	55264.2299452	34724.2340088
7650000.0	45529.2286142	141815049.43	0.287615182595	174394.067383	0.27567349025	1.39111459255	55025.118323	34543.7591553
7675000.0	45707.6311736	143753551.028	0.288486296794	174395.922852	0.278180348687	1.38852858543	54788.1564001	34365.0268555
7700000.0	45886.4759073	145709773.198	0.28935410001	174397.827148	0.280695909169	1.38595914841	54553.4964133	34188.1713867
7725000.0	46065.7607403	147683778.745	0.29021786212	174399.780273	0.28322005528	1.38340473175	54321.2570628	34013.3270264
7750000.0	46245.4832536	149675630.444	0.291077059738	174401.782227	0.285752583295	1.38086390495	54091.5653079	33840.6311035
7775000.0	46425.6408175	151685389.37	0.291931931475	174403.710938	0.28829369694	1.37833511829	53864.3471994	33670.0439453
7800000.0	46606.2314122	153713120.203	0.29278286698	174405.322266	0.290843774565	1.37581813335	53639.3717038	33501.385498
7825000.0	46787.2530749	155758888.164	0.293629527161	174406.689453	0.293402728857	1.37331581116	53416.7138734	33334.6740723
7850000.0	46968.7035494	157822756.93	0.294471546485	174407.751465	0.295970297884	1.37083089352	53196.5770218	33170.0408936
7875000.0	47150.5802359	159904788.906	0.295308428494	174408.520508	0.298546336126	1.36836659908	52978.977531	33007.4432373
7900000.0	47332.8800973	162005045.435	0.296139646906	174409.008789	0.301130698062	1.36592710018	52764.0910237	32846.9696045
7925000.0	47515.5998362	164123586.803	0.296964960533	174409.155273	0.303723179968	1.36351597309	52552.0185177	32688.6352539
7950000.0	47698.7360313	166260473.242	0.297783977572	174408.813477	0.306324101985	1.36113250256	52342.7075354	32532.4249268
7975000.0	47882.2853895	168415767.01	0.298597129475	174407.800293	0.308933551423	1.35877382755	52135.9982578	32378.2531738
8000000.0	48066.2448626	170589531.527	0.29940417605	174406.115723	0.311551586492	1.35644102097	51931.9266888	32226.1138916
8025000.0	48250.6112147	172781829.154	0.30020493908	174403.747559	0.314178178087	1.35413277149	51730.5283892	32076.0681152
8050000.0	48435.3810519	174992721.959	0.300999196102	174400.744629	0.316813180689	1.35184812546	51531.8488295	31928.1829834
8075000.0	48620.5511808	177222270.768	0.301788286182	174397.839355	0.319456186844	1.34958004951	51335.4886083	31782.1899414
8100000.0	48806.118644	179470531.726	0.302572291249	174395.446777	0.322106759995	1.34732472897	51141.325859	31638.0462646
8125000.0	48992.0807913	181737563.395	0.30335151647	174393.359375	0.32476556953	1.34508228302	50949.3225969	31495.7641602
8150000.0	49178.4349372	184023425.982	0.304125481461	174391.52832	0.327432499034	1.3428542614	50759.4716623	31355.2978516
8175000.0	49365.1782927	186328178.578	0.304894119125	174390.014648	0.330107402988	1.34064054489	50571.7848308	31216.6381836
8200000.0	49552.3078703	188651878.06	0.305657385383	174388.867188	0.332789903041	1.33844172955	50386.250453	31079.7393799
8225000.0	49739.8204124	190994579.683	0.306414677733	174388.049316	0.335479679052	1.33625864983	50202.9128002	30944.5983887
8250000.0	49927.7123294	193356336.793	0.307166103741	174387.62207	0.338176556397	1.33409166336	50021.8558455	30811.2670898
8275000.0	50115.9797708	195737201.23	0.307911142433	174387.573242	0.34088047687	1.33194077015	49843.0892569	30679.7393799
8300000.0	50304.6188514	198137226.247	0.308649310461	174387.744141	0.343591731507	1.32980668545	49666.6806061	30550.0915527
8325000.0	50493.6257322	200556467.64	0.309380596929	174388.098145	0.346310640452	1.32768893242	49492.5917875	30422.3175049
8350000.0	50682.996533	202994981.167	0.310105153812	174388.647461	0.349037058186	1.3255879879	49320.7738026	30296.383667
8375000.0	50872.7275139	205452821.695	0.310823276649	174389.404297	0.351770868292	1.32350385189	49151.1981923	30172.2839355
8400000.0	51062.8149742	207930043.896	0.311534852311	174390.429688	0.354512012564	1.32143783569	48983.8266893	30049.9694824
8425000.0	51253.2553805	210426702.761	0.312239977071	174391.650391	0.35726063652	1.31939101219	48818.6963553	29929.4616699
8450000.0	51444.0451139	212942852.958	0.312938214179	174393.017578	0.360016827472	1.31736326218	48655.8394929	29810.8032227
8475000.0	51635.1802518	215478552.177	0.313629074434	174394.384766	0.362780963769	1.31535589695	48495.3681882	29694.0704346
8500000.0	51826.65694	218033858.742	0.314312486399	174395.800781	0.365552754374	1.3133687973	48337.2122388	29579.1809082
8525000.0	52018.4711655	220608827.455	0.314988663783	174397.265625	0.368332024664	1.31140327454	48181.4124198	29466.1224365
8550000.0	52210.6189025	223203514.25	0.315657612626	174398.779297	0.371118658222	1.30945968628	48027.9163027	29354.8309326
8575000.0	52403.0960505	225817971.84	0.316319293716	174400.415039	0.373912218492	1.30753791332	47876.6954519	29245.2819824
8600000.0	52595.8985958	228452251.566	0.316974052786	174402.075195	0.376712647267	1.30563879013	47727.7109618	29137.4206543
8625000.0	52789.0223361	231106406.29	0.317621329521	174403.588867	0.379520701244	1.30376565456	47581.1354191	29031.3842773
8650000.0	52982.4631882	233780491.997	0.318260822322	174405.029297	0.38233603118	1.30191612244	47436.8901399	28927.1331787
8675000.0	53176.2168429	236474563.081	0.318892445313	174406.323242	0.385158811696	1.30008852482	47294.9696391	28824.7039795
8700000.0	53370.2788552	239188674.165	0.31951577291	174407.507324	0.387988868169	1.2982801199	47155.3578863	28724.118042
8725000.0	53564.6445182	241922879.059	0.320130473098	174408.618164	0.390826200601	1.29648900032	47018.0738458	28625.4180908
8750000.0	53759.308966	244677232.513	0.32073606421	174409.643555	0.393670721678	1.29471349716	46883.1304401	28528.6468506
8775000.0	53954.2670472	247451787.778	0.321332650877	174410.461426	0.396522867959	1.29295456409	46750.5364004	28433.7921143
8800000.0	54149.5139033	250246603.064	0.321919699674	174410.974121	0.399382901378	1.291213274	46620.2970006	28340.8660889
8825000.0	54345.0443879	253061735.879	0.322497168166	174411.218262	0.402250501793	1.28949093819	46492.4858274	28249.8931885
8850000.0	54540.8531498	255897242.264	0.323064717635	174411.169434	0.405125669204	1.28778779507	46367.1095094	28160.8978271
8875000.0	54736.9348653	258753177.49	0.323622482	174410.827637	0.40800817078	1.28610479832	46244.1769959	28073.8616943
8900000.0	54933.2839255	261629595.59	0.324170224178	174410.15625	0.410898064729	1.28444325924	46123.7421021	27988.8153076
8925000.0	55129.8945318	264526550.648	0.324707028113	174409.130859	0.413795060012	1.28280341625	46005.9462044	27905.8837891
8950000.0	55326.7597988	267444098.857	0.325230682647	174407.653809	0.416700000642	1.2811870575	45891.099999	27825.3387451
8975000.0	55523.8728996	270382298.348	0.32574299979	174405.615234	0.41961268289	1.27959311008	45778.9251425	27746.9329834
9000000.0	55721.2282634	273341206.563	0.326245919791	174403.125	0.422532961238	1.2780200243	45669.0834739	27670.3643799
9025000.0	55918.8215164	276320877.484	0.326742427919	174400.708008	0.425460515544	1.27646362782	45561.0945082	27595.2514648
9050000.0	56116.6498361	279321364.105	0.32723475621	174398.620605	0.428394705523	1.27492308617	45454.6286615	27521.282959
9075000.0	56314.7114221	282342715.661	0.327724908554	174396.850586	0.431335531175	1.27339553833	45349.3440488	27448.1903076
9100000.0	56513.0050457	285384982.827	0.328211420444	174395.336914	0.434283341747	1.27188503742	45245.9383233	27376.5991211
9125000.0	56711.5283718	288448217.663	0.328693067986	174394.042969	0.437238166342	1.27039074898	45144.3984354	27306.5032959
9150000.0	56910.2785152	291532473.484	0.329168820288	174392.944336	0.440199975856	1.26891314983	45044.5053168	27237.6647949
9175000.0	57109.2519467	294637801.736	0.329637635508	174392.06543	0.443168857601	1.26745223999	44945.9731096	27169.7814941
9200000.0	57308.4445426	297764254.773	0.330098539156	174391.418457	0.446144695161	1.26600670815	44848.5833661	27102.6550293
9225000.0	57507.8515962	300911884.689	0.330550495337	174391.040039	0.449127430329	1.26457798481	44752.1159286	27036.0137939
9250000.0	57707.4678048	304080744.454	0.330992746071	174390.795898	0.452117412351	1.26316511631	44656.4488756	26969.7662354
9275000.0	57907.2878544	307270888.635	0.331425522688	174390.673828	0.455114932265	1.26177048683	44561.8443503	26904.1412354
9300000.0	58107.3068793	310482372.335	0.331849796395	174390.686035	0.458119582618	1.26039242744	44468.453914	26839.3310547
9325000.0	58307.5204725	313715249.466	0.332266445066	174390.856934	0.461131508928	1.25903141499	44376.5298664	26775.5828857
9350000.0	58507.924665	316969573.141	0.332676277887	174391.19873	0.464150449261	1.25768637657	44286.2463585	26713.1011963
9375000.0	58708.5160697	320245394.878	0.333080563045	174391.772461	0.467176141683	1.25635683537	44197.8110473	26652.1057129
9400000.0	58909.2917123	323542765.581	0.333479601059	174392.504883	0.470208760817	1.25504374504	44111.3310863	26592.6727295
9425000.0	59110.248737	326861738.558	0.333872819118	174393.286133	0.473248655908	1.25374913216	44026.5958681	26534.5581055
9450000.0	59311.3838368	330202369.036	0.33425916038	174394.152832	0.476295797853	1.25247192383	43943.5883821	26477.7587891
9475000.0	59512.6930716	333564709.188	0.334637906381	174395.141602	0.479350041132	1.25121033192	43862.3020547	26422.3022461
9500000.0	59714.1720011	336948812.158	0.335008146162	174396.21582	0.482411065605	1.24996376038	43782.712357	26368.182373
9525000.0	59915.8154511	340354728.643	0.335368962277	174397.436523	0.485478900373	1.2487308979	43704.8446811	26315.4449463
9550000.0	60117.61772	343782508.784	0.335719484998	174398.779297	0.488553545438	1.24751114845	43628.7022443	26264.1204834
9575000.0	60319.5727124	347232206.419	0.336058893378	174400.109863	0.491635641083	1.24630773067	43554.5294378	26214.3829346
9600000.0	60521.6744588	350703877.999	0.336387603355	174401.416016	0.494725187309	1.24512040615	43482.2816922	26166.1956787
9625000.0	60723.917162	354197578.263	0.336706090695	174402.685547	0.497822300531	1.24394929409	43411.8840358	26119.4946289
9650000.0	60926.2953134	357713363.946	0.337014864139	174403.894043	0.500926864333	1.24279463291	43343.3268431	26074.2523193
9675000.0	61128.8038091	361251290.817	0.337314438231	174405.090332	0.504038762301	1.24165558815	43276.4980476	26030.3771973
9700000.0	61331.4376407	364811413.705	0.33760522434	174406.274414	0.50715811085	1.24053251743	43211.3722963	25987.8417969
9725000.0	61534.1921252	368393787.106	0.337887856108	174407.421875	0.510284677148	1.23942506313	43147.8612385	25946.5576172
9750000.0	61737.0637791	371998482.426	0.338162782054	174408.520508	0.513418577611	1.23833310604	43085.9226952	25906.4880371
9775000.0	61940.048256	375625549.678	0.338430291076	174409.460449	0.516564934514	1.23725783825	43025.5374963	25867.5872803
9800000.0	62143.1415184	379275038.216	0.338691276772	174410.498047	0.519713095855	1.23619663715	42966.5543192	25829.7515869
9825000.0	62346.3395394	382946993.653	0.338946173608	174411.535645	0.52286835853	1.23515081406	42908.945958	25792.9290771
9850000.0	62549.6391534	386641468.064	0.339195392065	174412.524414	0.526030664332	1.23412001133	42852.700817	25757.1044922
9875000.0	62753.0366667	390358515.473	0.339436928385	174413.317871	0.52920053713	1.23310697079	42798.0749553	25722.5006104
9900000.0	62956.5280187	394098196.649	0.339670033751	174413.867188	0.532378559001	1.23211324215	42745.2287776	25689.239502
9925000.0	63160.1086519	397860570.303	0.339894975689	174414.18457	0.535564555321	1.23113787174	42694.0639305	25657.244873
9950000.0	63363.7743648	401645696.456	0.340112052068	174414.27002	0.538758584298	1.23017966747	42644.5141061	25626.473999
9975000.0	63567.5211363	405453634.026	0.340321342622	174414.099121	0.541960238479	1.22923791409	42596.5274162	25596.8948364
10000000.0	63771.344887	409284440.726	0.340523315713	174413.684082	0.545169750694	1.22831177711	42550.0157674	25568.4188843
10025000.0	63975.2416949	413138174.628	0.340717917141	174413.037109	0.548386946321	1.22740089893	42504.9335865	25541.0232544
10050000.0	64179.207707	417014892.785	0.340905786208	174412.084961	0.551611883566	1.22650372982	42461.2032436	25514.6621704
10075000.0	64383.2394022	420914652.942	0.341086928006	174410.925293	0.554844387807	1.22562003136	42418.7463371	25489.2547607
10100000.0	64587.3331706	424837509.947	0.341261709477	174409.484863	0.558084226213	1.22474825382	42377.4973309	25464.7735596
10125000.0	64791.4856678	428783520.704	0.341430499875	174407.800293	0.561331224162	1.22388803959	42337.3875165	25441.1590576
10150000.0	64995.6935363	432752737.867	0.341593531531	174405.957031	0.564585498068	1.22303819656	42298.3504948	25418.3624268
10175000.0	65199.9532456	436745215.352	0.341749562496	174404.309082	0.567846815102	1.22219932079	42260.5769424	25396.5621948
10200000.0	65404.2605604	440761009.436	0.341897709402	174402.746582	0.571116339415	1.22137320042	42224.307739	25375.9674072
10225000.0	65608.6114077	444800180.522	0.342038063125	174401.293945	0.574393430725	1.22055959702	42189.4800701	25356.5246582
10250000.0	65813.0015805	448862786.099	0.342171190507	174399.975586	0.577678321861	1.21975946426	42156.0405159	25338.1530762
10275000.0	66017.4272156	452948884.369	0.342297186275	174398.76709	0.580971012823	1.21897149086	42123.8823529	25320.7794189
10300000.0	66221.8845724	457058533.648	0.342416342052	174397.741699	0.584271328989	1.21819615364	42092.9610836	25304.3457031
10325000.0	66426.3698358	461191790.806	0.34252911899	174396.826172	0.587579444982	1.21743237972	42063.1948977	25288.7985229
10350000.0	66630.8796804	465348712.774	0.342635588369	174396.105957	0.590895011555	1.21668028831	42034.4872785	25274.0386963
10375000.0	66835.4107368	469529355.98	0.342736298487	174395.544434	0.594217970502	1.21593987942	42006.817625	25260.0387573
10400000.0	67039.9597121	473733776.476	0.34283126715	174395.166016	0.597548438236	1.21521043777	41980.068229	25246.7071533
10425000.0	67244.5236968	477962030.462	0.342921101569	174394.958496	0.600886240136	1.21449220181	41954.1850478	25233.9706421
10450000.0	67449.0997149	482214172.993	0.343005821681	174394.98291	0.604231434409	1.21378481388	41929.115583	25221.7926025
10475000.0	67653.6850057	486490259.206	0.343085223424	174395.153809	0.607584079262	1.21308839321	41904.8799108	25210.1882935
10500000.0	67858.2762145	490790348.331	0.343157895598	174395.397949	0.610944931395	1.21240496635	41881.713543	25199.3637085
10525000.0	68062.8698271	495114502.983	0.343223913886	174395.678711	0.614314281847	1.21173477173	41859.6324671	25189.3264771
10550000.0	68267.4624755	499462784.612	0.343283607743	174396.020508	0.617691664957	1.21107721329	41838.6256053	25180.0704956
10575000.0	68472.050819	503835254.152	0.343337195392	174396.459961	0.621077022515	1.21043241024	41818.6491383	25171.5515137
10600000.0	68676.6315768	508231971.673	0.343384699219	174396.948242	0.624470529146	1.20979964733	41799.7151287	25163.7954712
10625000.0	68881.201584	512652997.04	0.343426564076	174397.546387	0.62787195202	1.20917916298	41781.8150651	25156.7810059
10650000.0	69085.7577597	517098389.454	0.343462842086	174398.217773	0.631281291135	1.20857036114	41764.9187774	25150.491333
10675000.0	69290.297151	521568207.641	0.34349392353	174398.999023	0.634698255453	1.20797300339	41749.0114522	25144.9157715
10700000.0	69494.8168473	526062509.875	0.343519693046	174399.890137	0.638122961391	1.20738697052	41734.0837859	25140.0482178
10725000.0	69699.3140041	530581353.074	0.343540682867	174400.90332	0.641555176117	1.20681154728	41720.1062927	25135.8673096
10750000.0	69903.786009	535124795.039	0.343556947522	174402.01416	0.644994899631	1.20624625683	41707.0660982	25132.3791504
10775000.0	70108.2300763	539692890.27	0.343568485667	174403.24707	0.648442073725	1.205691576	41694.9756063	25129.5791626
10800000.0	70312.643212	544285698.689	0.343573776588	174404.467773	0.651897571515	1.20514857769	41683.9825969	25127.6016235
10825000.0	70517.0221333	548903282.974	0.343572988569	174405.67627	0.655361451209	1.20461785793	41674.0953629	25126.4450073
10850000.0	70721.3636542	553545705.604	0.343566431258	174406.872559	0.65883359639	1.20409870148	41665.2393975	25126.0452271
10875000.0	70925.6647406	558213028.108	0.343554527424	174408.056641	0.662313948851	1.20359063148	41657.3831787	25126.3946533
10900000.0	71129.9226532	562905313.507	0.343537418866	174409.228516	0.665802799631	1.20309364796	41650.4832415	25127.4429321
10925000.0	71334.1347343	567622624.063	0.343515613553	174410.375977	0.669299799483	1.20260739326	41644.4788787	25129.1442871
10950000.0	71538.2985018	572365021.192	0.343489253922	174411.523438	0.6728048902	1.20213091373	41639.312727	25131.4620972
10975000.0	71742.4116602	577132566.363	0.343458735818	174412.646484	0.676318304613	1.20166480541	41634.9733612	25134.3704224
11000000.0	71946.4720076	581925320.857	0.343424398887	174413.745117	0.679839868098	1.20120847225	41631.3965666	25137.8173828
11025000.0	72150.4775952	586743346.504	0.343386273535	174414.868164	0.683369580656	1.20076203346	41628.535593	25141.7617798
11050000.0	72354.426574	591586704.182	0.343345093046	174415.942383	0.686907209456	1.20032501221	41626.3685973	25146.1853027
11075000.0	72558.3172417	596455453.185	0.343300606732	174417.016602	0.690452812705	1.1998976469	41624.8528991	25151.0452271
11100000.0	72762.1475766	601349656.333	0.343251553072	174418.017578	0.694007379934	1.1994818449	41624.2064032	25156.5216064
11125000.0	72965.915105	606269379.759	0.343197599002	174418.87207	0.697570503689	1.19907796383	41624.4423688	25162.6281738
11150000.0	73169.6173153	611214689.532	0.343139057946	174419.65332	0.701142475009	1.19868588448	41625.5654055	25169.3557739
11175000.0	73373.2519546	616185650.62	0.343076215229	174420.288086	0.704723235685	1.19830405712	41627.4715698	25176.6464233
11200000.0	73576.8170472	621182329.424	0.34300958051	174420.825195	0.708312843926	1.19793272018	41630.1344049	25184.4558716
11225000.0	73780.3106879	626204791.719	0.34293938254	174421.21582	0.711910892278	1.19757068157	41633.4824332	25192.741394
11250000.0	73983.7311635	631253102.371	0.342866074152	174421.459961	0.715517788194	1.19721782207	41637.4965431	25201.4877319
11275000.0	74187.0770039	636327324.455	0.342790051571	174421.594238	0.719133007806	1.19687330723	41642.1104816	25210.6323242
11300000.0	74390.3468494	641427521.802	0.342711598452	174421.582031	0.722756725736	1.1965367794	41647.266405	25220.135498
11325000.0	74593.5397376	646553759.29	0.342631026038	174421.411133	0.726388883777	1.19620752335	41652.9313937	25229.9713135
11350000.0	74796.6546858	651706099.008	0.342548952815	174421.105957	0.730029307306	1.19588530064	41659.0706856	25240.1092529
11375000.0	74999.6909585	656884603.764	0.342465492815	174420.617676	0.73367805453	1.19556963444	41665.6155117	25250.4882812
11400000.0	75202.6477176	662089335.031	0.342379669901	174419.921875	0.737335183658	1.19526159763	41672.730599	25261.2533569
11425000.0	75405.5235911	667320360.452	0.342290593771	174418.981934	0.741001626011	1.19496369362	41680.5486395	25272.4868774
11450000.0	75608.3169507	672577746.77	0.342198576642	174417.749023	0.744676799513	1.19467532635	41689.0083854	25284.1430664
11475000.0	75811.026571	677861561.886	0.342104041845	174416.259766	0.748360995203	1.19439578056	41698.0610914	25296.1929321
11500000.0	76013.6513154	683171872.678	0.342007188806	174414.562988	0.752054038458	1.19412457943	41707.6811809	25308.6151123
11525000.0	76216.1900093	688508744.648	0.341907854279	174412.939453	0.755755754653	1.19386160374	41717.8791487	25321.4309692
11550000.0	76418.6412953	693872240.923	0.341806181908	174411.450195	0.759465736337	1.19360661507	41728.6454951	25334.6221924
11575000.0	76621.0041096	699262425.742	0.341702454295	174410.083008	0.763184158131	1.19335865974	41739.9271926	25348.1674194
11600000.0	76823.2774416	704679362.497	0.341597064726	174408.874512	0.766910961829	1.1931180954	41751.6877987	25362.0132446
11625000.0	77025.4604853	710123114.643	0.341490127547	174407.775879	0.770646263845	1.19288420677	41763.8754241	25376.1428833
11650000.0	77227.5524544	715593743.668	0.34138200694	174406.848145	0.774389598519	1.19265651703	41776.4624857	25390.5273438
11675000.0	77429.5528592	721091312.696	0.341272871823	174406.079102	0.778141373303	1.19243502617	41789.4049407	25405.1239014
11700000.0	77631.4611293	726615883.652	0.341162502207	174405.46875	0.781901238952	1.19222021103	41802.7600916	25419.9874878
11725000.0	77833.2761451	732167521.043	0.341049070265	174404.943848	0.785670010373	1.19201409817	41816.7820499	25435.3240967
11750000.0	78034.9963139	737746290.319	0.340932803877	174404.492188	0.789447571151	1.19181716442	41831.4434013	25451.0910034
11775000.0	78236.6202871	743352258.836	0.340814124316	174404.138184	0.793233746663	1.19162797928	41846.673987	25467.250061
11800000.0	78438.1468172	748985492.14	0.340693119724	174403.894043	0.797028653324	1.19144666195	41862.4469649	25483.7753296
11825000.0	78639.5748927	754646056.404	0.340570209948	174403.747559	0.800832582172	1.1912728548	41878.6981623	25500.6057739
11850000.0	78840.9035531	760334016.29	0.340445675537	174403.686523	0.804644776508	1.19110512733	41895.3660895	25517.7047729
11875000.0	79042.1321261	766049438.451	0.34031985151	174403.723145	0.808466109447	1.19094383717	41912.4155894	25535.0387573
11900000.0	79243.2600331	771792387.74	0.340192933973	174403.881836	0.812295766082	1.19078791142	41929.7849062	25552.5588989
11925000.0	79444.2868482	777562927.576	0.340065366626	174404.101562	0.816133921035	1.19063639641	41947.4112696	25570.2285767
11950000.0	79645.212435	783361125.27	0.339937343893	174404.443359	0.819980865344	1.19049012661	41965.2822887	25588.0142212
11975000.0	79846.0366142	789187042.877	0.339809224803	174404.907227	0.823836075142	1.19034719467	41983.313457	25605.871582
12000000.0	80046.7596321	795040747.614	0.339681174742	174405.432129	0.827699899673	1.19020795822	42001.4948472	25623.7792969
12025000.0	80247.3811048	800922299.851	0.339551626807	174406.04248	0.831572571769	1.1900742054	42020.0540622	25641.9281006
12050000.0	80447.9001426	806831769.865	0.339420090125	174406.713867	0.835454207845	1.18994641304	42039.0732058	25660.3881836
12075000.0	80648.315855	812769225.598	0.339286788997	174407.446289	0.839344633278	1.18982481956	42058.5066735	25679.1107178
12100000.0	80848.6275408	818734733.653	0.339152221331	174408.227539	0.84324402269	1.18970894814	42078.3011316	25698.0621338
12125000.0	81048.8346887	824728362.246	0.339016664282	174409.008789	0.847152492497	1.18959796429	42098.4187428	25717.2149658
12150000.0	81248.9369602	830750177.208	0.338880476292	174409.912109	0.851069577038	1.18949246407	42118.8107684	25736.5112305
12175000.0	81448.9342025	836800245.877	0.338744014664	174410.803223	0.854995683767	1.18939113617	42139.4250695	25755.9326172
12200000.0	81648.8264471	842878634.401	0.338607498878	174411.767578	0.858930405229	1.18929433823	42160.2222772	25775.4364014
12225000.0	81848.6139003	848985408.97	0.338471256964	174412.744141	0.862873974256	1.18920171261	42181.1624637	25794.9829102
12250000.0	82048.2968949	855120635.354	0.338335561314	174413.769531	0.866826274432	1.18911325932	42202.2098719	25814.5477295
12275000.0	82247.8759656	861284379.766	0.338200737989	174414.819336	0.870786956511	1.18902814388	42223.3011946	25834.0881348
12300000.0	82447.3517829	867476707.269	0.338067112017	174415.917969	0.87475636974	1.18894684315	42244.4210398	25853.5736084
12325000.0	82646.7249686	873697680.496	0.337934081687	174417.041016	0.878734339494	1.18886983395	42265.6401322	25873.0682373
12350000.0	82845.9955984	879947370.175	0.337800067781	174418.188477	0.882721447852	1.18879973888	42287.195654	25892.7490234
12375000.0	83045.1632529	886225843.351	0.337665344602	174419.287109	0.886717694812	1.18873548508	42309.0483693	25912.5976562
12400000.0	83244.227739	892533167.205	0.337530131273	174420.397949	0.890722847544	1.18867719173	42331.1718833	25932.5805664
12425000.0	83443.1890218	898869411.094	0.337394781925	174421.484375	0.894736964256	1.18862402439	42353.4829841	25952.645874
12450000.0	83642.0472914	905234642.847	0.337259595321	174422.53418	0.898759928532	1.18857526779	42375.9454899	25972.769165
12475000.0	83840.8028054	911628930.191	0.337124760879	174423.608398	0.902791856788	1.1885304451	42398.5104717	25992.9046631
12500000.0	84039.456005	918052339.244	0.336990629865	174424.633789	0.906832865439	1.18848919868	42421.1243794	26013.0218506
