z	T	P	nabla_ad	S	rho	delta	cp	cv
0.0	8318.927604705097	1522.1500195480007	0.150137985206932	174368.9453125	2.7988104278620085e-05	1.2795468103554462	54099.036096984775	43532.940673828125
25000.0	8472.588498892996	1724.2602685374802	0.14364720366210426	174391.86122512165	3.101306846486485e-05	1.3132821013487712	58251.553994792295	47099.03964471015
50000.0	8619.546242700133	1948.0269123204316	0.13839091427121453	174380.98580914052	3.431236891986816e-05	1.3458208653054466	62192.3765983459	50457.02342283494
75000.0	8760.981548525922	2195.4322463436656	0.13396740911163818	174365.21131791256	3.790352906896877e-05	1.3777732734054668	66008.36892777235	53684.84800857064
100000.0	8897.606471863608	2468.51270643347	0.1300672956483485	174398.32648013212	4.1799352025003525e-05	1.4106110802409784	69921.55418429765	56976.66491548455
125000.0	9030.044552947576	2769.45218860986	0.12690441921091924	174376.52972984	4.6032211171503985e-05	1.4411887054559516	73499.1648200115	59958.91241703322
150000.0	9158.98487542463	3100.6586448719236	0.12415532910851997	174360.65006340167	5.061837599960103e-05	1.4713716175199982	76994.2223002611	62851.882147826225
175000.0	9284.768884300393	3464.5977463506047	0.12169021226015914	174396.47669366805	5.556963286064094e-05	1.5023320249200003	80592.67913942314	65816.9438571412
200000.0	9407.757065066844	3863.876807547297	0.11965692649118259	174376.77783139213	6.093032388197619e-05	1.5311692767061549	83860.17767382556	68480.30160659584
225000.0	9528.3782922873	4301.415248825351	0.1178953455414196	174357.48389686755	6.671556221400349e-05	1.5591258498007472	87010.16760921942	71029.79360528429
250000.0	9646.838519828347	4780.198115771624	0.11628124713397801	174383.39517849474	7.293895103568595e-05	1.587707777135162	90260.55080474526	73651.21496431247
275000.0	9763.310548423982	5303.265093140595	0.1149228312205633	174382.54849602745	7.964416834160926e-05	1.6147868612059504	93287.18271623494	76068.81891980475
300000.0	9878.115811581236	5874.142375619384	0.11376898478836521	174355.56117563456	8.686378218502312e-05	1.6405355979416067	96106.544914414	78297.44231878639
325000.0	9991.385362887457	6496.4224239165105	0.1127125134036805	174364.84178117447	9.460546513756387e-05	1.6665423030247648	98980.69026639915	80561.67546387309
350000.0	10103.20061147494	7173.669847648281	0.11177077929776488	174397.84841265937	0.00010289803554400522	1.6925112346085924	101861.08965939436	82819.72261840949
375000.0	10213.747847793711	7910.0519847721835	0.11098591423839732	174391.80686210963	0.00011180343796119995	1.7167773951495207	104485.32263472717	84850.97159766634
400000.0	10323.138897741474	8709.68169048235	0.11028578907484192	174408.18466116668	0.00012132449526808611	1.7408306456489324	107104.98657519992	86870.51468808507
425000.0	10431.47344148979	9576.872563832376	0.10969220500121614	174410.27610211016	0.00013151334624574162	1.763985084881654	109589.1953388201	88766.95042616564
450000.0	10538.885194812663	10516.63894421476	0.10920556766290893	174386.5779319477	0.0001424172702223982	1.785636965366192	111863.28925706695	90480.80387356033
475000.0	10645.446193862972	11533.723326841575	0.1087617458305593	174393.51416833632	0.00015403639447110566	1.8075888139769722	114192.53646170894	92231.64212056762
500000.0	10751.198644850228	12633.194642547998	0.10837564225288712	174411.51145697513	0.00016641613679442536	1.829056449194276	116474.40050716321	93936.80946643765
525000.0	10856.21940663999	13820.554208803685	0.10806966927044975	174399.36222548631	0.00017962873974754058	1.8490866173944973	118553.97923502748	95469.06740918008
550000.0	10960.598787953892	15101.68165999137	0.1078155724995386	174383.76303630706	0.00019369889868840604	1.8685064144454104	120547.06028768008	96922.89449075509
575000.0	11064.37093335456	16482.39913778512	0.10760309001307358	174395.5886567635	0.00020863527921206467	1.8878730200708818	122556.33424530822	98384.03141591196
600000.0	11167.577593156057	17968.941223281425	0.10744235614398998	174412.1424723339	0.00022449844424631612	1.9068556234258298	124516.31362016882	99798.28311087466
625000.0	11270.283912089457	19568.087735689827	0.10734168976365707	174394.06386614777	0.00024137943871406443	1.9242897132400487	126254.74974962964	101027.41395160751
650000.0	11372.55318822346	21286.67233873976	0.10726829764862097	174381.19053822366	0.00025928243323001594	1.941437585959266	127950.75809562099	102215.02829850369
675000.0	11474.394341382364	23131.87763490044	0.10721340388097488	174393.63497020566	0.0002782240389768782	1.9586303086267125	129681.11116908916	103427.23353904544
700000.0	11575.826327456867	25111.27059092618	0.10719181531234957	174410.2844493964	0.0002982757202003672	1.9752102703049583	131360.26015839798	104597.87028645314
725000.0	11676.89923399486	27232.562484840688	0.10721761603779414	174395.6942808645	0.0003195438511817242	1.9906124080925043	132870.9403922407	105629.65303721941
750000.0	11777.665652958582	29504.357607344093	0.1072619067616481	174378.81099072204	0.0003420420405425011	2.005348080050344	134307.4315080507	106600.19069464013
775000.0	11878.125215706248	31935.042424664905	0.10731290506107972	174388.29455337598	0.00036576734927332014	2.020200849384011	135794.02184402384	107609.21939819538
800000.0	11978.28426274345	34533.24315129585	0.10738502886042439	174406.51640006213	0.0003907965918020064	2.0345904290419536	137238.12259184892	108582.2674814769
825000.0	12078.175303713831	37308.4305783128	0.10749467402770349	174403.90278314115	0.00041724670989110415	2.0479130788892768	138529.91773619267	109431.14492689181
850000.0	12177.85359948207	40271.12910870095	0.10763832953042882	174379.3483400202	0.0004451928130554008	2.060630689684781	139715.84245678602	110190.91292579641
875000.0	12277.335612288098	43430.45308054765	0.10779054948489364	174381.47440175727	0.00047457423264022627	2.073514616743033	140945.86492339429	110983.04783159813
900000.0	12376.619870512923	46797.65738512525	0.10795439167983065	174399.1097267582	0.0005054718907014346	2.0860465423175985	142156.99714443678	111759.64274145041
925000.0	12475.71995879627	50382.2629141623	0.10813509187521217	174410.4090311694	0.00053799059651673	2.0976500327218988	143260.7207226436	112451.83965138589
950000.0	12574.66748065633	54197.43488532459	0.10834114971875769	174387.54563614543	0.0005722944328998831	2.1080887056801005	144190.38401996714	113005.41348009414
975000.0	12673.495306889698	58254.53095430162	0.10856099603918001	174373.883440431	0.0006083210719062284	2.1186878215515916	145137.88270289148	113569.19185959452
1000000.0	12772.201320557739	62565.31720731591	0.1087892540830078	174383.85149607537	0.0006460771057202972	2.129428565911568	146123.0516272295	114160.64652641126
1025000.0	12870.787493071406	67142.20445318194	0.10902939589361543	174402.88362121533	0.00068566552770636	2.1397832002792305	147074.87778467798	114725.60625801592
1050000.0	12969.269053434902	71998.40034221049	0.10928529915972579	174408.44967039273	0.0007272389998265701	2.149201942216736	147908.73739592827	115199.0831072124
1075000.0	13067.67846450219	77148.23249972562	0.10956084288227726	174380.83272355015	0.0007709628906753265	2.157544048671153	148582.73165465414	115547.29892940616
1100000.0	13166.037638673912	82606.02729704129	0.10984858013200015	174370.65459810718	0.0008167041189290508	2.166054087160686	149289.21568133042	115918.50270159898
1125000.0	13264.343829684858	88385.42448209951	0.11014546077009335	174381.72223073174	0.0008644975587067771	2.17460526461501	150023.14426662034	116310.5647558627
1150000.0	13362.59842691061	94501.71213043075	0.11045146821868157	174400.46682459692	0.0009144696906051919	2.1828021088570875	150729.25211971116	116682.20727828273
1175000.0	13460.8122757473	100970.66912520851	0.11076672002183124	174406.71761526022	0.0009668003901848783	2.190241553850524	151343.1734513473	116984.81512560969
1200000.0	13559.008961917474	107807.27529366685	0.11109180278102458	174380.5204901207	0.0010216826745056379	2.196766095580117	151826.37572297818	117188.6206125377
1225000.0	13657.205116457539	115032.38484436367	0.11142463989032493	174367.32026605876	0.001078970129086834	2.2033435497092553	152334.390196166	117412.28178027552
1250000.0	13755.395670086597	122658.32111439302	0.11176433675506747	174375.05786808627	0.0011386505335230222	2.209937947441377	152870.21834174162	117658.27259731453
1275000.0	13853.579600771402	130705.716431496	0.11211197879175638	174392.82432266366	0.001200876763354419	2.21624147172354	153386.67260563158	117890.59398522414
1300000.0	13951.764344133506	139190.60968037677	0.11246797347827556	174404.6471616869	0.0012658228716041719	2.221954993138163	153832.28517722792	118070.01638011471
1325000.0	14049.967316208145	148132.28847409075	0.11283308819072753	174389.7355753365	0.0013337247000569262	2.2268967749339494	154164.16895167856	118163.22298452083
1350000.0	14148.212217677674	157551.9025418602	0.11320923420090785	174367.38286920742	0.0014045663281963203	2.231642775047738	154467.03324024775	118234.63411794073
1375000.0	14246.501338667531	167470.32626150813	0.11359268767119714	174366.8264387667	0.0014782054242821815	2.236397023947194	154796.52539826912	118327.94442188647
1400000.0	14344.83056267525	177906.2069245934	0.1139828894964537	174380.36498654034	0.0015547351066291855	2.2409541913689672	155120.01939810746	118417.78110879587
1425000.0	14443.201664387596	188879.72756669368	0.11437903362788601	174396.40525598297	0.001634343584995635	2.2450939423473693	155399.81397510914	118475.96045403436
1450000.0	14541.622694390415	200412.78357889582	0.11478030997311572	174400.17909394784	0.0017172454806563923	2.248658498905828	155604.14453036978	118478.28603508319
1475000.0	14640.112572393688	212530.6790748648	0.11519217732941621	174378.50108959767	0.0018037169775025675	2.2518834139413206	155743.47736689693	118431.58689650151
1500000.0	14738.68760237881	225256.95004199212	0.11561112474809761	174363.40692893995	0.0018935317538209978	2.2550218219669027	155882.45793742762	118385.77522208344
1525000.0	14837.344307124367	238613.20457390795	0.11603574777366776	174365.91967655526	0.001986641250115785	2.2580106603222223	156025.72559288619	118345.2408189743
1550000.0	14936.080145528767	252621.792446065	0.11646536082824907	174378.68304417687	0.00208319143929128	2.26067625432607	156146.1641970105	118289.85314552067
1575000.0	15034.897245347658	267309.71674243873	0.11689916924829676	174392.05178132083	0.0021833940052267816	2.2628818676934364	156219.03868509474	118201.11292499871
1600000.0	15133.804021038073	282703.0697397136	0.11734224030994302	174397.11403047055	0.0022874389079819805	2.264764896504827	156251.32705698695	118083.48085721416
1625000.0	15232.816416868398	298824.3445041217	0.11779278288792712	174378.9525763887	0.002395627231038275	2.26642230492471	156234.97383689677	117929.35271007796
1650000.0	15331.950005865452	315711.4730473217	0.11824821150508338	174362.78271159393	0.002507802801152077	2.2679442058059487	156206.7777484211	117767.47692333562
1675000.0	15431.200575787994	333380.4508787338	0.11870789755902095	174361.56138466144	0.0026238130200823976	2.2692527256956407	156171.59133583796	117602.56631131287
1700000.0	15530.566797340944	351867.9434707095	0.11917144190660797	174369.87374943437	0.002743859216745635	2.2702313435094905	156110.38771593984	117420.4458368714
1725000.0	15630.049090871871	371196.0672041271	0.11964388041394053	174383.98115549146	0.0028680179544014047	2.2709327220267506	156027.7397864086	117224.4783492331
1750000.0	15729.654028102355	391392.70002006623	0.12012498057343877	174394.7512424002	0.0029965253012504056	2.271387846455374	155917.15164539922	117009.12570901371
1775000.0	15829.394540000561	412497.40528370714	0.12061078476345169	174388.39619753737	0.003129799414733596	2.271628968046822	155766.75689117535	116764.83176903865
1800000.0	15929.284578822104	434538.36817159964	0.12109763857605765	174365.32990875532	0.003267974818312859	2.2717288180368596	155583.4081457472	116496.45936834457
1825000.0	16029.32650035599	457547.24572191376	0.12158750834148835	174354.65040198597	0.0034106295680302393	2.271600119179089	155387.85165183165	116221.33708256547
1850000.0	16129.517575743652	481555.70973116433	0.1220859496786853	174357.75202742944	0.003557767362667663	2.271251887646047	155183.77370831612	115942.39755298429
1875000.0	16229.858666506845	506595.7796520187	0.12259392100941774	174370.287235333	0.0037095405460450467	2.2706871577819823	154966.4415548555	115655.652512489
1900000.0	16330.35356837443	532700.8080426606	0.12310908920315	174384.75115417517	0.003866210761219934	2.269890334548041	154725.75435715722	115353.15154508398
1925000.0	16431.009078655035	559905.9944336717	0.12362816839631607	174391.67613350486	0.004028115527975196	2.2688739946878753	154453.49993310266	115028.40930361385
1950000.0	16531.835101312885	588248.9651264256	0.12414647091480124	174379.62121449184	0.004195684571342151	2.267700222336246	154146.0127699442	114678.38303245293
1975000.0	16632.84287883215	617768.956790251	0.1246680754263848	174358.1239171638	0.004368811899757607	2.2664285379355773	153821.83236661257	114317.34005606108
2000000.0	16734.034248388136	648501.5123575961	0.12519848077931994	174351.1043930497	0.004546991633761056	2.2649584020339795	153494.0087963876	113956.20920618557
2025000.0	16835.408243208272	680481.0636257227	0.12573679506556973	174355.29454426683	0.004730380328953331	2.2632684113147565	153154.7547842604	113588.84581441028
2050000.0	16936.965642664167	713742.8824657473	0.1262814925424685	174365.92015777924	0.004919188862346492	2.261341787292002	152796.45660665736	113209.40944754372
2075000.0	17038.711095180526	748337.4086172646	0.1268306235103569	174377.2508462338	0.00511373572240492	2.2591730114228143	152412.1118567219	112812.50357602337
2100000.0	17140.648791861007	784294.4844796718	0.12738689314570503	174385.267008095	0.005314155419121983	2.256805201918387	152004.50826282718	112400.26120712928
2125000.0	17242.78670115324	821650.6066246325	0.12794722348737259	174382.00960266282	0.005520808200387785	2.2543504172637734	151578.3372847808	111975.51358340241
2150000.0	17345.13731425943	860465.6723939318	0.12850723960154206	174362.397129916	0.005734108463730956	2.251919103550656	151141.1753325424	111543.3040198201
2175000.0	17447.703866994816	900773.4645791589	0.12907190494390586	174349.84220975163	0.005953406918953916	2.249325337344973	150696.08850958676	111107.22128648809
2200000.0	17550.485248479097	942613.4841974353	0.12964240998243254	174346.85983526908	0.006178692663926049	2.2465007121216116	150237.192866536	110663.02524307455
2225000.0	17653.48396580661	986039.1138889175	0.13022318546098302	174353.02847981337	0.00641003677261011	2.2434025187839746	149760.6130466722	110208.38009925178
2250000.0	17756.701221024785	1031077.7434510273	0.13081319889528928	174364.6063691845	0.006647593875534354	2.2400854066227303	149266.29547325405	109742.68634018955
2275000.0	17860.143397100797	1077786.6348333338	0.13140963345094125	174376.24879759207	0.006891738663088211	2.236613297510611	148754.5195892709	109265.67387463486
2300000.0	17963.81553411346	1126207.2472579395	0.1320085263348696	174381.68375168688	0.007142846504608325	2.23307660659845	148228.3048368393	108778.86490677297
2325000.0	18067.722771748642	1176377.226350103	0.1326063639871158	174374.1652623887	0.007401302738917986	2.22956342698034	147691.9268499391	108284.93399460701
2350000.0	18171.877679060584	1228381.8975326987	0.13320541815926157	174354.725526262	0.007667308361069017	2.2260825165532503	147150.26243971725	107787.89187043559
2375000.0	18276.28017185352	1282239.6318092458	0.13381319075829304	174344.1924634028	0.007939981671802702	2.222419307990382	146599.4365233112	107286.10301576409
2400000.0	18380.93158308327	1337998.972835274	0.1344293285838648	174342.78618879308	0.008219410597173737	2.218555945097538	146036.77605363686	106777.52473518043
2425000.0	18485.835322203762	1395721.558837632	0.13505219343370764	174347.73857601083	0.008505873391439477	2.2145007780076784	145460.7975868586	106261.12301883471
2450000.0	18590.994079909084	1455458.1076625239	0.13568234027942921	174356.6321549638	0.008799545180028397	2.2102351731178116	144867.57440520596	105734.03216865107
2475000.0	18696.411121584148	1517247.3542386217	0.1363214996885293	174367.23058484605	0.00910052393114548	2.2057636640814833	144256.45160396956	105195.80876772178
2500000.0	18802.092322982375	1581142.8344938415	0.13696609736495888	174374.77910650754	0.009409186567522114	2.2011852416322197	143633.23629129442	104650.20229952747
2525000.0	18908.043754419876	1647200.8239162308	0.13761153133861098	174373.80272733307	0.009726008168178531	2.19662523901948	143005.98009565685	104102.57382494668
2550000.0	19014.271286758114	1715480.9384479402	0.13825229738553926	174358.5617153131	0.010051520758884385	2.192222090391999	142384.04044551076	103559.11282779987
2575000.0	19120.77937878365	1786043.0324001506	0.1388973154721712	174343.23043970825	0.01038504112828228	2.1877490932720955	141756.49237675802	103012.97721588268
2600000.0	19227.57053397572	1858940.5711935028	0.1395533798896828	174337.23545312588	0.010726072811207112	2.183042186724006	141114.3580006623	102458.36663301375
2625000.0	19334.64738323036	1934226.5553766491	0.1402190535477814	174338.5510204021	0.011074818265624859	2.178142458060223	140459.2395152739	101896.05653114796
2650000.0	19442.012855067314	2011955.0806175903	0.1408924832543749	174344.70172690248	0.011431522744488465	2.1730949432785733	139793.0834111789	101327.10669925409
2675000.0	19549.670300378177	2092181.6271341043	0.1415722704138826	174353.17630234198	0.011796450000402863	2.1679377930122183	139116.53130269825	100751.50935887088
2700000.0	19657.624720932443	2174962.246938462	0.14226176386710623	174362.56164776837	0.012169684187409689	2.162615707244687	138422.4807502513	100164.11215130595
2725000.0	19765.88219353978	2260353.726510344	0.1429572410906305	174369.37038204735	0.012551582826064197	2.1572304368833493	137719.7575656376	99571.24880570972
2750000.0	19874.447604612622	2348415.205605017	0.14365274659980715	174369.14293408653	0.0129426358724574	2.1519210874742973	137020.35117620128	98981.41217510548
2775000.0	19983.3256739701	2439222.3904580628	0.14434112997448023	174356.6727192688	0.01334348564439112	2.146834869173466	136337.45298677048	98404.11287422878
2800000.0	20092.520062453557	2532859.4343367936	0.145029169844359	174340.77404439816	0.013753670246044169	2.141774158008185	135658.41739763157	97830.9550921986
2825000.0	20202.030694196335	2629355.8716942873	0.14573069954175888	174332.79225670267	0.014172186943024467	2.1364033666392146	134957.05416296126	97243.90997894095
2850000.0	20311.861451142886	2728764.3260315554	0.14644478958133775	174331.6767553916	0.01459914710084834	2.130767860929322	134236.52170508492	96645.01368540541
2875000.0	20422.02022969353	2831175.359060866	0.14717013030186527	174336.04040354604	0.015034810767075423	2.1249221818685804	133500.70336386075	96036.7846077472
2900000.0	20532.511169304995	2936647.289911673	0.14790485829256905	174344.03285609168	0.01547939845084223	2.11893072782629	132754.15612277476	95422.22227171082
2925000.0	20643.334044828836	3045201.5033248435	0.1486464910426081	174353.60470195775	0.01593306552497116	2.1128656946002855	132002.16917429064	94804.83432436493
2950000.0	20754.49908426994	3156961.750613328	0.14939230007239118	174362.2361176342	0.01639631610044556	2.1068025881245678	131250.4362406782	94188.47587597392
2975000.0	20866.005416750428	3271956.627531544	0.15013872118840227	174367.20501140435	0.016869433109824455	2.1008252363725015	130505.52745381047	93577.6377954175
3000000.0	20977.855250445522	3390253.678592837	0.15088164414911465	174365.29999510478	0.017352862418616066	2.0950191969299983	129774.38241087802	92977.13128005681
3025000.0	21090.05385928625	3511966.478043491	0.15161621625956628	174353.1359644967	0.017847254495459396	2.089476695549802	129064.89338871246	92392.56919864117
3050000.0	21202.595068111244	3637108.8333472	0.15234810587666692	174339.40701661934	0.018351788221364206	2.084050658697949	128368.38892363939	91818.14720810342
3075000.0	21315.48580183154	3765820.852088806	0.15308497660899642	174330.7961285513	0.018866097754554088	2.0785550300016746	127670.45167919985	91244.04719056396
3100000.0	21428.723623863145	3898101.237994835	0.15383719286662545	174327.8490709758	0.01938971610399652	2.0727643412855428	126948.02986664916	90653.99114943577
3125000.0	21542.320345319204	4034062.3167610103	0.15460445317726362	174329.8178838992	0.01992285775669825	2.0667008955753543	126203.14781649841	90049.44512746253
3150000.0	21656.281237522315	4173757.511067708	0.1553843020234241	174335.4029021942	0.020465680608783433	2.060432086799693	125441.77491368001	89434.52485777785
3175000.0	21770.607580867265	4317209.5286131855	0.156173867484559	174343.07605844995	0.021018307297800222	2.054029504697489	124670.25254014556	88813.61528707194
3200000.0	21885.315112310032	4464602.325452542	0.15697018333073132	174351.15571934567	0.02158132882972715	2.047566135306759	123894.91682157962	88191.10869464595
3225000.0	22000.396432148504	4615894.9589754	0.15776951376848378	174357.6652635111	0.02215478902762017	2.0411234189827514	123122.76263486361	87571.79335530683
3250000.0	22115.85514169414	4771175.484179215	0.1585678205934482	174360.4177248179	0.022739129330251663	2.0347830259867847	122360.90964975423	86960.61896512666
3275000.0	22231.701175391332	4930621.283203909	0.1593603830792095	174356.7031790064	0.023335100105180397	2.028637307207421	121617.32619389502	86363.12506657343
3300000.0	22347.92411464609	5094213.356439978	0.16014354489012278	174345.21967857506	0.02394280600504909	2.0227480924942673	120897.5341184659	85783.09303537391
3325000.0	22464.522557180448	5262035.794391663	0.16092462065154062	174335.18544744802	0.02456132085605003	2.016955108979899	120191.17911682079	85213.55193926534
3350000.0	22581.497023552703	5434182.004860426	0.16170924167281006	174329.22592528161	0.02519038138807006	2.011140025651414	119487.53533480188	84646.98655748916
3375000.0	22698.857225709555	5610787.622039212	0.16250852239983754	174327.52412580705	0.025829892105070706	2.0050846326345657	118764.133070799	84067.58578707367
3400000.0	22816.603840497904	5791851.55907527	0.16332107776067245	174329.38790214004	0.026479741523940104	1.9988264971753458	118024.36867996654	83477.66646657721
3425000.0	22934.74326423573	5977450.770677069	0.16414455784119902	174334.08982773003	0.027140108835222755	1.992422767363572	117273.32954677416	82880.72388267366
3450000.0	23053.280730032413	6167663.306072682	0.16497628357721247	174340.56419073045	0.027811218074108836	1.9859301858418368	116516.2843260637	82280.47481992474
3475000.0	23172.220243962904	6362568.520036761	0.1658132864865997	174347.6786834884	0.028493324004466695	1.9794108183128407	115758.76899512904	81680.74882979882
3500000.0	23291.564433518146	6562247.384868774	0.16665227154105117	174354.1682507186	0.02918671538424905	1.9729277635331304	115006.56129248887	81085.58624564881
3525000.0	23411.31442237115	6766782.746631791	0.16748962537259904	174358.43551928666	0.029891757695963403	1.9665461517552778	114265.51973956649	80499.1010493658
3550000.0	23531.470339262334	6976267.532193703	0.16832131197467132	174358.87205012675	0.030608876578719923	1.960334280903323	113541.77359283622	79925.59331820076
3575000.0	23652.029863949738	7190789.852568207	0.16914299745958447	174353.50489071498	0.03133855282579644	1.95436083684929	112841.41934129522	79369.33315937364
3600000.0	23772.987480967287	7410420.745241633	0.1699532976435546	174342.84846332358	0.03208085773644698	1.9486377848762422	112166.34792629596	78831.7384595614
3625000.0	23894.341712805173	7635243.625846258	0.17077048495168304	174335.0592765307	0.03283437918282689	1.9428197847774633	111486.87269410252	78292.2854400017
3650000.0	24016.097631034718	7865334.948192243	0.17159962253136998	174330.92639962785	0.033598927374696684	1.9368208086710343	110794.46645241184	77744.97271985582
3675000.0	24138.26227125675	8100796.120147291	0.17243899305234145	174330.05072154905	0.03437460812325897	1.9306812711212666	110092.63057005424	77192.12324761222
3700000.0	24260.83914072309	8341697.252492446	0.17328649369679902	174332.01947434453	0.035161521966142376	1.9244469161260023	109385.19210020537	76636.28510774566
3725000.0	24383.83065102502	8588109.000457434	0.17413986842372603	174336.21617337925	0.03595978047173123	1.9181639321368054	108676.24194274095	76080.2476197371
3750000.0	24507.238360199728	8840107.946747225	0.1749965650813259	174341.98210749155	0.03676955814636257	1.9118806030651803	107969.9892727455	75526.88098641593
3775000.0	24631.062413008312	9097770.944544032	0.1758537464659323	174348.52689815516	0.037591059811300676	1.9056451542403605	107270.72142052121	74979.14549406139
3800000.0	24755.301548730204	9361175.262227569	0.17670849839674818	174354.96004830365	0.038424533087872845	1.8995057611199957	106582.72696888374	74440.02277961512
3825000.0	24879.952972664305	9630398.727886362	0.17755748990450038	174360.31577498192	0.039270265701006696	1.8935105316242358	105910.40650760473	73912.6066958599
3850000.0	25005.01235834355	9905520.000039358	0.17839749434380794	174363.4758882328	0.040128574020241815	1.8877058624548235	105257.96774932227	73399.85506619631
3875000.0	25130.48209846428	10186719.495919997	0.17923236949926913	174362.89684162012	0.04099991835427412	1.8820067411930559	104616.70853842501	72895.81609824377
3900000.0	25256.360760082527	10474053.994852591	0.18006618900022622	174357.1964474697	0.04188445115391289	1.8763364494568486	103978.5737855296	72394.88853143789
3925000.0	25382.64528927496	10767548.3897819	0.18089924835594207	174347.85876740562	0.04278182636434656	1.8706903771275691	103343.90961469577	71897.29066643564
3950000.0	25509.33625833654	11067274.656260332	0.18173727612423676	174341.0731505471	0.04369084482470409	1.8649726434214509	102706.86216827914	71399.14112136778
3975000.0	25636.44012472772	11373394.29587353	0.18257950846786905	174337.3520825927	0.04461160448026768	1.8592014760883144	102069.25536410187	70901.66557551263
4000000.0	25763.960403508834	11686041.890481515	0.1834240967078104	174336.45276154886	0.04554426462978071	1.8534103423314536	101434.06404608296	70406.86248316854
4025000.0	25891.886443967232	12005144.18744323	0.18426901624846956	174337.96182471325	0.04648865514567777	1.847635850842446	100804.30869808758	69916.73076967831
4050000.0	26020.216927517125	12330789.109215068	0.1851121337693856	174341.53487645468	0.04744490779472676	1.8419128594676442	100183.0139113651	69433.31686472544
4075000.0	26148.96420996631	12663316.267208934	0.1859510719072044	174346.80084555916	0.04841368229787352	1.8362830444683835	99573.87775361963	68959.1693732336
4100000.0	26278.10624139661	13002516.34727938	0.18678367412504068	174353.0742159588	0.04939461138044319	1.8307728233081166	98978.93564593271	68495.623319156
4125000.0	26407.644012814937	13348547.09590198	0.18761397843830807	174359.3011236645	0.0503880570822695	1.8252952919530494	98389.86759706118	68037.0966406458
4150000.0	26537.587778716512	13701680.52152742	0.18844382459083653	174364.6488572997	0.05139449152609975	1.8198154003597624	97802.95480230033	67581.01294977896
4175000.0	26667.920207276085	14061701.279172003	0.18927222055076134	174368.6952785509	0.052413507653063136	1.8143588823362509	97220.01321829327	67128.48273152142
4200000.0	26798.65814378862	14429009.175608523	0.19009776574558251	174370.72772133444	0.05344586166386464	1.808954945771231	96643.30677877196	66681.00421167271
4225000.0	26929.787993417056	14803473.38457255	0.19091923810607547	174370.17971185406	0.054491354227704875	1.8036311396681215	96074.85778966424	66239.85745433356
4250000.0	27061.31255000077	15185268.022594344	0.19173505503246446	174366.28034882038	0.055550365176862126	1.7984175787690404	95516.93440452618	65806.50053835641
4275000.0	27193.231708607273	15574535.006892871	0.19254396993059172	174358.79504543546	0.05662309118999129	1.7933346618789896	94971.35796044936	65382.16481423223
4300000.0	27325.535783396157	15971233.593407998	0.1933496637187766	174352.60603198642	0.0577081941513432	1.7883189028441968	94434.58846573351	64964.55496041864
4325000.0	27458.2311883867	16375643.635380115	0.19415210196494498	174349.26574467038	0.05880565513203788	1.7833678429564754	93907.32297390056	64554.24649060798
4350000.0	27591.30296925076	16787635.171383515	0.19495048591918634	174348.32437838463	0.059915261869131466	1.7784728694229903	93388.78564575154	64150.793210498625
4375000.0	27724.757983995245	17207497.044596355	0.1957466545354149	174348.9214404718	0.06103753519867913	1.7735636020795527	92873.01746902405	63750.37723553353
4400000.0	27858.586977209725	17635166.89359852	0.1965410744404378	174350.85313796645	0.06217229063156025	1.7686444058644009	92359.87757573734	63352.78001018939
4425000.0	27992.7906042699	18070784.125356402	0.19733360372923026	174353.903933672	0.06331966036871185	1.7637286994161612	91850.20313306313	62958.487607011935
4450000.0	28127.37084199255	18514520.114849284	0.19812403527757766	174357.93645382582	0.06447983831990775	1.7588322296450132	91345.05960803763	62568.1476996181
4475000.0	28262.313149716116	18966185.608141072	0.19891203502722016	174362.65807126623	0.06565246868327158	1.7539722945381948	90845.39879416641	62182.253186193055
4500000.0	28397.63821254823	19426375.41518739	0.19969691582633917	174367.77974573744	0.0668384387068196	1.7491699722401104	90352.82987151071	61801.85723329219
4525000.0	28533.32047695068	19894657.704030685	0.20047810566352528	174373.0192128595	0.06803702184181146	1.7444408576086732	89868.31759345537	61427.50061584011
4550000.0	28669.369711432704	20371402.47371593	0.20125472497074512	174377.963247373	0.06924883360079635	1.7398083058329017	89393.519035235	61060.237140876976
4575000.0	28805.784201172988	20856733.4595242	0.20202553585573177	174382.086071726	0.07047408659465026	1.7352873445279664	88929.60685420259	60700.85877450246
4600000.0	28942.548824894002	21350469.300874993	0.20278877471749263	174384.2743868151	0.07171274538835469	1.7308376555140768	88473.7298730245	60347.776763216265
4625000.0	29079.67357060906	21853038.687460277	0.2035441634963035	174383.809847085	0.07296558173392197	1.7264564151735673	88025.53735926247	60000.78934595523
4650000.0	29217.151079824616	22364437.596026734	0.2042927452827618	174380.17308494163	0.07423263234315894	1.7221509619510476	87584.90454537893	59659.61105275441
4675000.0	29354.97122635249	22884568.88710204	0.20503548664928897	174373.5035366929	0.07551356427988647	1.717919824029182	87151.50543317202	59323.91678187646
4700000.0	29493.13909506469	23413705.199138224	0.20577627496856118	174367.66370382038	0.07680748361421617	1.7137145360784651	86722.45020300495	58991.766594286775
4725000.0	29631.65943163752	23952104.698737472	0.20651651929613457	174363.86562715587	0.0781142995973673	1.709527241157779	86297.23431421889	58662.77242721853
4750000.0	29770.519069622496	24499540.16052626	0.20725671579834432	174361.97248205208	0.07943351208345437	1.705367612045451	85876.2941223074	58337.09357520736
4775000.0	29909.71763515388	25056111.57592755	0.20799696117086441	174361.91847995564	0.08076519104411661	1.7012461905395244	85460.16930019537	58015.00942497977
4800000.0	30049.262231364657	25622125.09609266	0.20873681150497428	174363.64700045198	0.08210966403957068	1.6971747724210486	85049.6996076748	57697.04288445629
4825000.0	30189.151644398284	26197702.34462198	0.20947166988869728	174366.35972304232	0.0834672828194525	1.693140243060947	84644.86016533515	57383.60525464527
4850000.0	30329.374112535865	26782712.207441077	0.2102013548958474	174369.76451108238	0.08483788616682003	1.6891346283308264	84244.97786440144	57074.30453003172
4875000.0	30469.92701192954	27377257.662864625	0.21092679651707685	174373.65090539586	0.08622151474524015	1.6851587024953107	83849.72110077128	56768.81600746394
4900000.0	30610.80848772433	27981441.862893894	0.21164917713939058	174377.89864845196	0.08761824462564682	1.6812126090624087	83458.79124081727	56466.87590564144
4925000.0	30752.02357717336	28595553.925087947	0.21236937837510866	174382.29797135454	0.08902837933846088	1.6773010769082157	83072.16984680244	56168.360958310535
4950000.0	30893.57083125513	29219671.318522133	0.21308857751221255	174386.6781671677	0.09045195901645224	1.6734269267142725	82689.70488434314	55873.07127469688
4975000.0	31035.444773898533	29853725.222606525	0.21380754033218727	174390.76374047558	0.09188882873289506	1.669596808872321	82311.44604920788	55580.901848033514
5000000.0	31177.646274910912	30497818.772227768	0.21452717838375876	174394.3286085552	0.09333904842611374	1.6658177034904331	81937.55423097957	55291.83808200855
5025000.0	31320.17666255881	31152055.484136157	0.21524664141395394	174397.0215159791	0.09480276084723646	1.6620984994739496	81568.61062260083	55006.24444400467
5050000.0	31463.035166901667	31816540.38898903	0.21596040104815717	174398.0083960108	0.09628042840210602	1.6584448293511778	81205.97163030886	54725.40691341992
5075000.0	31606.21923940197	32491380.694778245	0.21666774922664392	174396.84445520362	0.09777223515582747	1.654858082200428	80849.62036016442	54449.28858426625
5100000.0	31749.726784329094	33176683.947672516	0.21736976605346323	174393.15450121692	0.0992783362346597	1.651338347727692	80499.17537116988	54177.5359946501
5125000.0	31893.558159167616	33872617.23566816	0.21806781328820996	174387.19417670293	0.10079871907537072	1.6478770647995435	80153.92243621341	53909.62778607114
5150000.0	32037.714237954737	34579329.8976722	0.21876632169329469	174382.2536264859	0.10233218008921427	1.6444281512260737	79811.07666509143	53643.71809052256
5175000.0	32182.191649353597	35296789.19119699	0.2194670872948442	174378.7872508167	0.10387837444642921	1.6409826293569751	79469.77978246877	53379.16242668726
5200000.0	32326.9917732975	36025088.631019086	0.22017153481431415	174376.84660573775	0.1054372176442298	1.6375396070326775	79129.65017604486	53115.586397628
5225000.0	32472.116858646943	36764320.98795815	0.22088092969545325	174376.3237468038	0.10700870767560275	1.6340981742821055	78790.38685560797	52852.732077526176
5250000.0	32617.569441697757	37514578.142688364	0.22159339290191177	174377.07226897357	0.10859293389082725	1.6306645639992179	78452.82139190042	52591.25935088058
5275000.0	32763.349409213322	38275952.856611624	0.22230414027479217	174378.58340273437	0.11019014110518656	1.627245620454602	78118.43727503606	52332.49212281815
5300000.0	32909.45575135933	39048537.802377544	0.22301393518059034	174380.78287864814	0.11180038770415879	1.6238430257447336	77786.87178378234	52076.08676002218
5325000.0	33055.888229760676	39832424.871493645	0.22372394047277255	174383.5931405081	0.1134236734803855	1.62045701712385	77457.58365751943	51821.54902875107
5350000.0	33202.64734339505	40627704.89256431	0.22443534224897493	174386.86855809184	0.11505996202420832	1.6170876594624883	77130.12173626319	51568.46722978045
5375000.0	33349.7343842973	41434467.702645406	0.2251492718257187	174390.47604521396	0.11670933793770387	1.6137358775741137	76804.00956729444	51316.393798363286
5400000.0	33497.15139709725	42252801.89780224	0.22586694878815539	174394.33009521037	0.11837170980526651	1.610401836845149	76478.83692322686	51064.92130997343
5425000.0	33644.901188351636	43082794.99568268	0.22658958862660838	174398.27152171987	0.12004709874606177	1.6070853236500149	76154.19882985926	50813.67263738222
5450000.0	33792.98727273506	43924532.83783101	0.22731787192607977	174402.14305534848	0.12173550840073064	1.6037874865259276	75829.86438099308	50562.384949993466
5475000.0	33941.418364618476	44778310.766254865	0.22804769243040474	174405.47346091404	0.12343740475522101	1.6005164074382312	75507.29832110432	50312.27059952417
5500000.0	34090.19111462213	45644080.678187855	0.2287773139274279	174407.94361247186	0.12515280934843653	1.5972749562555026	75187.04544703894	50063.79851174784
5525000.0	34239.30505983831	46521895.98865995	0.22950712032931692	174409.38364695004	0.12688173779922687	1.5940630279874488	74869.07353717959	49816.95474464386
5550000.0	34388.760871102946	47411842.01223608	0.23023727593587723	174409.53752686753	0.1286241534357989	1.5908814752450198	74553.39431860768	49571.72100883136
5575000.0	34538.559437183336	48314003.04174243	0.2309680319567336	174408.20719937456	0.13038020325385258	1.5877317711156782	74240.02949629283	49328.12174895816
5600000.0	34688.701776651425	49228461.97880241	0.2316995703923933	174405.12630872143	0.13214990708021934	1.5846148820361563	73928.98330275783	49086.15491508186
5625000.0	34839.189129366394	50155300.062063664	0.23243257452926774	174400.3758748445	0.13393324185124655	1.5815301422704957	73620.11829825616	48845.72049543004
5650000.0	34990.02347461356	51094593.5124773	0.233170812736671	174396.02101740698	0.13572914977978554	1.5784496727960617	73311.5660584638	48605.56294480481
5675000.0	35141.210244708105	52046497.7762011	0.2339147469177152	174392.8588250036	0.13753737932254134	1.5753656523185824	73002.89636755887	48365.40961033066
5700000.0	35292.76386241632	53011530.03317804	0.23466245465752417	174390.66992330298	0.1393585001849293	1.572281439731019	72694.61176995543	48125.67368457635
5725000.0	35444.67246005538	53989276.30301644	0.23541396367256961	174389.38889012902	0.14119192177699838	1.5691967221579826	72386.67722740659	47886.31654574467
5750000.0	35596.9377275299	54979800.39462468	0.23616968708279518	174388.9348328955	0.14303761695955747	1.5661105903872528	72078.9604138559	47647.24724664533
5775000.0	35749.561532924265	55983163.30373514	0.236929995938584	174389.27760626693	0.1448954525448104	1.5630231066764289	71771.39759188867	47408.396225761404
5800000.0	35902.54590202172	56999423.21825135	0.23769533505867377	174390.35425060277	0.14676538731848404	1.5599336390713263	71463.84377162551	47169.6501254791
5825000.0	36055.909719340816	58029227.794646546	0.2384664336067811	174392.12654641242	0.14864785826667998	1.5568420249293715	71156.19494990232	46930.91496207636
5850000.0	36209.648702562874	59072380.3341981	0.23924385975826	174394.50534062256	0.1505425180306738	1.5537479405659678	70848.30789623839	46692.06441579207
5875000.0	36363.75797144371	60128658.65231103	0.24002736803327507	174397.30531247874	0.15244916263903305	1.5506537977082404	70540.20629310013	46453.08171633493
5900000.0	36518.24003687464	61198112.39829594	0.24081587704386082	174400.30596468903	0.15436789899374884	1.5475625049222295	70232.11610530764	46214.136084348494
5925000.0	36673.105911618106	62281104.83256222	0.2416090859185675	174403.41283067616	0.15629899252357082	1.5444753726042761	69924.26796440782	45975.41661214807
5950000.0	36828.37226278648	63378202.775272325	0.24240682478687536	174406.48668081078	0.15824285246182423	1.5413932401566965	69616.85813027289	45737.095279857094
5975000.0	36984.0191321209	64488689.88058703	0.24320844677993006	174409.5250988765	0.16019870362823418	1.538316686686572	69310.05979341344	45499.30307647408
6000000.0	37140.04782829028	65612605.466597006	0.24401386943631345	174412.33417980914	0.1621664798820793	1.5352468487490645	69004.02151609902	45262.15652420426
6025000.0	37296.47851366394	66750653.60406638	0.24482289434902282	174414.8637479585	0.16414673153080306	1.532184615823193	68698.91597888566	45025.80040626699
6050000.0	37453.31415757934	67902938.09748825	0.24563550097548162	174416.96602115443	0.16613943221608513	1.5291309883158184	68394.89086706899	44790.342120064335
6075000.0	37610.53722827103	69068840.92022106	0.24645157840183762	174418.48466234852	0.16814406393691944	1.5260853855626648	68091.80824325986	44555.67033345706
6100000.0	37768.15359404632	70248555.24354681	0.247271212734252	174419.0377256918	0.17016092678548783	1.5230481650416186	67789.4462900348	44321.58615533801
6125000.0	37926.200217662525	71443373.10780513	0.2480937838558036	174418.5385576228	0.17219104166018062	1.5200241109453378	67488.23574325765	44088.3992640938
6150000.0	38084.63947817881	72651987.0525845	0.24891820548193094	174416.8382136296	0.17423324070740143	1.5170161611730335	67188.44315161408	43856.31182132581
6175000.0	38243.47121573919	73874418.49090764	0.24974359838589644	174413.87977985822	0.17628737963364297	1.514028095032048	66890.39941383556	43625.55182230988
6200000.0	38402.74536191548	75112482.10336202	0.2505695767340163	174409.54222939478	0.1783549432540011	1.5110654886355535	66594.58607533763	43396.47479378732
6225000.0	38562.413276411884	76364496.96673723	0.2513985953570421	174405.452915364	0.1804335033953784	1.5081084250659547	66299.58774954488	43168.10428168594
6250000.0	38722.48132497295	77630688.05549261	0.2522319079104562	174402.27091850602	0.18252271732743985	1.5051507784546692	66004.98399486484	42940.14295451856
6275000.0	38882.994249510295	78912629.95314349	0.2530707851829829	174400.00479531754	0.18462375557560373	1.502190149339101	65710.482187799	42712.38581340476
6300000.0	39043.905663829326	80208632.25434446	0.2539158176153129	174398.37007898858	0.1867354457463969	1.4992226670054185	65415.42801081193	42484.29023340442
6325000.0	39205.24154605997	81519562.11196983	0.2547667131353475	174397.3892576715	0.18885824641423105	1.4962498124610002	65120.10222775253	42256.091051821
6350000.0	39367.017344150925	82845921.40664095	0.25562288074018796	174397.02342994546	0.19099243064315705	1.4932733220146377	64824.793253463446	42028.049564458364
6375000.0	39529.196963670336	84186425.13011448	0.2564831965955944	174397.21662757028	0.19313684956437216	1.4902955150505939	64529.780330537826	41800.36655969851
6400000.0	39691.837352055736	85543061.903331	0.25734745937900105	174397.9719858262	0.19529281161543877	1.4873181069469048	64235.425166073226	41573.371016622914
6425000.0	39854.89493188644	86914315.16167185	0.2582146718766486	174399.22932846955	0.19745902129879533	1.4843432438946924	63941.955878080946	41347.2256688957
6450000.0	40018.385640052395	88300764.96092059	0.25908430303725327	174400.9670691084	0.1996359023698681	1.4813726640453322	63649.62812797693	41122.14870324305
6475000.0	40182.3274620101	89703055.05694363	0.25995810906162864	174402.97077352233	0.2018238717259307	1.4784017755552474	63357.75082631996	40897.59747925376
6500000.0	40346.67963560988	91119729.67678049	0.2608363882225957	174405.076335626	0.20402198198015695	1.4754284900397787	63065.97429564468	40673.28320515793
6525000.0	40511.51571440768	92553337.48806478	0.2617190720819842	174407.32337074395	0.20623193366964143	1.4724552367478476	62774.70892116727	40449.54907151249
6550000.0	40676.76113249105	94001263.12677112	0.262604581375407	174409.66307711697	0.20845171779687022	1.469484796014634	62484.23570527604	40226.56749107254
6575000.0	40842.48240270888	95465846.92785633	0.26349258087512323	174412.04895493796	0.21068277480962988	1.4665204794387148	62195.04888722765	40004.7372843112
6600000.0	41008.63045439524	96945402.81197909	0.2643817485798779	174414.49020354	0.2129238327510639	1.4635650930157904	61907.380782576765	39784.19990115498
6625000.0	41175.241296398926	98441246.49999243	0.26527135343544284	174416.91095237446	0.2151756647450126	1.4606230594004759	61621.772129727484	39565.38037776867
6650000.0	41342.292908713825	99952671.80942823	0.26616123795815494	174419.27090150025	0.21743771925404548	1.4576944265288982	61338.115622269834	39348.171224388745
6675000.0	41509.798420117055	101480179.86468168	0.2670532495425516	174421.25374915893	0.21971059555374414	1.4547730969728003	61055.64482460034	39132.012641517395
6700000.0	41677.75550895128	103023703.03185539	0.26794706857977507	174422.81260491628	0.2219941669402195	1.4518603907161363	60774.43283340388	38916.9573464539
6725000.0	41846.164567992586	104583284.87517434	0.26884165890316736	174423.89245514123	0.224288232184573	1.4489603235612183	60494.80153815224	38703.21274648442
6750000.0	42015.02952341466	106159121.83033508	0.2697361034429752	174424.37773942226	0.22659278714910358	1.4460779164140931	60217.158406207076	38491.056634511784
6775000.0	42184.34734663822	107751181.58841467	0.2706293701320437	174424.2504395874	0.22890768368717523	1.4432165253638463	59941.80365175891	38280.70101802101
6800000.0	42354.11689030292	109359526.83877179	0.27152037823330094	174423.42557822593	0.23123283372955558	1.4403803299999909	59669.10451175206	38072.39920379296
6825000.0	42524.34322331958	110984461.70795743	0.2724081666985799	174421.79295697092	0.23356832220969984	1.4375737552379089	59399.39964221778	37866.37340866016
6850000.0	42695.009307462016	112625490.24971993	0.2732941441650848	174419.1099718234	0.235914034634686	1.4347930100592956	59132.03972627708	37662.11106422542
6875000.0	42866.14259893088	114283696.75857723	0.2741793482234155	174415.4784062569	0.23827060008596557	1.432032952461534	58866.56302076103	37459.28727433732
6900000.0	43037.70050824698	115957568.5894715	0.2750657959967974	174412.03128820297	0.240636297407707	1.4292810809392669	58602.192676171166	37257.38521207646
6925000.0	43209.74502339055	117649431.70559072	0.27595357813252597	174409.16840238014	0.24301205518708352	1.4265337398423568	58339.05621838382	37056.59709789932
6950000.0	43382.19888370231	119356474.58597542	0.2768417489747217	174406.8379426427	0.24539620053293723	1.4237916487748197	58077.21089183194	36856.94719286401
6975000.0	43555.152973818724	121082147.95181593	0.27772950526034645	174405.16989580973	0.24779039219830618	1.4210557990510533	57817.20014938583	36658.9325582425
7000000.0	43728.5230289455	122823395.93741468	0.2786161799096117	174404.10326072096	0.25019287873287027	1.4183264336408639	57558.9932123393	36462.511843481225
7025000.0	43902.36163383786	124582285.29568478	0.2795022970601817	174403.59346212307	0.25260489030949335	1.4156009628141835	57302.534952373244	36267.70699666266
7050000.0	44076.64789521973	126358089.72555435	0.2803887939814933	174403.4338850474	0.2550261502192389	1.4128776995298065	57047.28380161298	36074.04421363234
7075000.0	44251.36598874333	128150259.53811249	0.2812754470535994	174403.61321623917	0.2574562413147137	1.4101584297600305	56793.341416177886	35881.58286946935
7100000.0	44426.571541535326	129960972.87095556	0.2821616009496304	174404.1188068033	0.2598961799245592	1.4074471449882813	56541.14715704591	35690.66663413809
7125000.0	44602.1912967702	131787516.27101526	0.28304689085345436	174404.92979994035	0.2623442713382484	1.4047466426479933	56290.6584205219	35501.166721818634
7150000.0	44778.28888321795	133632423.72622788	0.2839302342781515	174406.12446074182	0.2648015889898762	1.4020620634468737	56042.4189613823	35313.4972985771
7175000.0	44954.82759521653	135494398.02465463	0.28481108874966365	174407.60357037288	0.26726744907440514	1.3993966637870756	55796.537900225856	35127.69775249529
7200000.0	45131.787272590605	137372774.40986463	0.2856896421441336	174409.31939466784	0.26974154657620086	1.3967514124519933	55552.85881994611	34943.608795664164
7225000.0	45309.24069829531	139270505.30781883	0.2865663577676542	174411.09137435278	0.27222560202811347	1.3941271637625579	55311.3697523281	34761.241818644216
7250000.0	45487.107242822865	141184520.20513707	0.28744113600060167	174412.9006842997	0.27471797852775215	1.3915194446077102	55071.71876505461	34580.337584573914
7275000.0	45665.417753395115	143116140.0502712	0.2883132793700957	174414.72922945372	0.2772192613346893	1.3889291069134373	54834.18615953786	34401.14249254463
7300000.0	45844.19557978195	145066421.9639423	0.28918206358593745	174416.62358452321	0.2797297038529904	1.3863563377587798	54599.045300807295	34223.89597164697
7325000.0	46023.38458156791	147033257.4873028	0.29004713126657344	174418.5515300806	0.2822481391639168	1.3837972441734452	54366.10578934145	34048.48362047373
7350000.0	46203.0249305432	149018423.00732204	0.2909078469444575	174420.5546933375	0.284775211547125	1.3812534300157742	54135.7774542212	33875.24076941502
7375000.0	46383.11454865264	151022011.59854662	0.29176382968487424	174422.50991703203	0.28731111910667656	1.3787218846958702	53908.026060923614	33704.20704777114
7400000.0	46563.610878549036	153042418.51638526	0.2926160710840902	174424.24395396342	0.2898553931605508	1.3762013284789931	53682.41206255019	33535.009554816774
7425000.0	46744.55193486121	155081363.35986546	0.2934641309183872	174425.6870453566	0.29240872649265415	1.3736947554903107	53459.18571103801	33367.833211195655
7450000.0	46925.93759006935	157139006.2709446	0.2943074113715481	174426.8603351703	0.29497102419924986	1.371205838992103	53238.47120109394	33202.72677091315
7475000.0	47107.72580428877	159213735.61383337	0.2951460173337658	174427.76050139545	0.29754137680087256	1.368735761592257	53020.15122554535	33039.55204561576
7500000.0	47289.93801462452	161306641.42223904	0.29597902653719427	174428.37096006252	0.30012000858152266	1.3662887951429616	52804.50916392252	32878.4992924666
7525000.0	47472.600450526064	163419067.13474193	0.296805748182361	174428.65432650445	0.3027073552980647	1.3638715488427735	52591.8693242876	32719.74022351884
7550000.0	47655.658201842714	165548836.5663982	0.2976266194114094	174428.5137771999	0.3053026054533014	1.3614803687104966	52381.838031860534	32562.99203523874
7575000.0	47839.109177736	167696035.9381406	0.2984418747756079	174427.7972144995	0.3079059172931588	1.359113879861625	52174.305735832226	32408.174220407607
7600000.0	48023.01656700809	169863700.52307105	0.2992504891023004	174426.3280880643	0.31051879463497045	1.3567755636385894	51969.70808079699	32255.641311519605
7625000.0	48207.317259433155	172049210.36314988	0.30005297432150047	174424.2178508346	0.313139873638592	1.3544613330376059	51767.683031391585	32105.11560702882
7650000.0	48392.00360491409	174252410.91042948	0.3008493119471952	174421.46900414542	0.3157690190057065	1.3521701059254931	51568.23628114723	31956.616606339172
7675000.0	48577.09335724264	176474326.93404502	0.30163977274915765	174418.44708985797	0.3184063765219177	1.349898481037204	51371.32038068032	31810.16794130966
7700000.0	48762.60976942787	178716258.9761654	0.30242482320845987	174415.88996640214	0.32105196345742854	1.3476414590464054	51176.79155089567	31665.711532165922
7725000.0	48948.50455005879	180976129.753568	0.30320517173878936	174413.68421733228	0.32370525481022766	1.3453968625667725	50984.3450970111	31523.03689504769
7750000.0	49134.77605018575	183254023.2485986	0.3039805004683992	174411.74706642726	0.32636633523051833	1.3431660420383562	50793.96828035806	31382.109954367632
7775000.0	49321.44647937272	185551196.93042448	0.3047505004470089	174410.12190961893	0.3290356203992685	1.3409493686110054	50605.74839386527	31242.999149954172
7800000.0	49508.526084899495	187868368.80091536	0.305514763825916	174408.81097124302	0.33171301131957204	1.3387484521946105	50419.867926081635	31105.81524266261
7825000.0	49695.97511071494	190203803.59913623	0.30627350520683283	174407.86474723805	0.3343975099244906	1.3365622784440216	50236.07977172348	30970.315077333657
7850000.0	49883.79090351102	192557579.6245943	0.3070264525232809	174407.2991179183	0.337088882982913	1.334391531266322	50054.463828159314	30836.542846300457
7875000.0	50071.977417863265	194930121.50519627	0.3077733347060547	174407.14177557704	0.339787043985804	1.332236765213807	49875.09859034659	30704.54083154782
7900000.0	50260.57295664355	197323655.5166514	0.3085126419864713	174407.2076956833	0.3424933588135013	1.3301005743847791	49698.288976397234	30574.557889442465
7925000.0	50449.52507280989	199735753.73054785	0.3092455114261651	174407.47724273283	0.3452069008991749	1.3279799773365573	49523.75462297341	30446.418160566045
7950000.0	50638.83084358522	202166496.05469102	0.3099717473493152	174407.95295065534	0.3479277204701598	1.3258753589063197	49351.41911306739	30320.06531253516
7975000.0	50828.48734692519	204615961.6900612	0.31069177437881623	174408.61880316967	0.35065574007798805	1.323787302745644	49181.28399459282	30195.50022383609
8000000.0	51018.510439323305	207085258.05573565	0.31140476577670095	174409.51861318538	0.35339142376030114	1.3217174837937133	49013.4264073004	30072.78774793038
8025000.0	51208.90769573391	209575077.15336117	0.31211131579841067	174410.66640420113	0.3561347904164934	1.3196673999045516	48847.91219852368	29951.970495238165
8050000.0	51399.64578110091	212083840.16937605	0.3128111005572535	174411.97810795024	0.3588855866377208	1.31763623671121	48684.5835411957	29832.92374041788
8075000.0	51590.7216124434	214611627.26116526	0.3135036572800245	174413.3377719091	0.3616440003519773	1.315624055991354	48523.558506602174	29715.75035312197
8100000.0	51782.13193848017	217158519.07289	0.31418908289742287	174414.72220384819	0.36440998284271253	1.3136322236807825	48364.83900720775	29600.40686157097
8125000.0	51973.87361461558	219724603.77812263	0.31486720451474187	174416.16292012203	0.36718327066753115	1.3116607161020808	48208.39414440003	29486.850019567908
8150000.0	52165.98435735478	222312404.05666	0.31553749003810694	174417.6609834163	0.3699646682720785	1.309713227531548	48054.49052129464	29375.255826389443
8175000.0	52358.41819360161	224919521.26506943	0.3162007162120763	174419.25061159444	0.3727529839953653	1.307787444204103	47902.82557330614	29265.362051244087
8200000.0	52551.171709557355	227546029.35994196	0.3168570033249388	174420.90653959845	0.3755481000150078	1.3058837394296794	47753.38716448014	29157.16252746474
8225000.0	52744.2414180451	230192002.9207433	0.31750611066213585	174422.47631043798	0.37835036693969093	1.3040043545139386	47606.25774802752	29050.710822395395
8250000.0	52937.62376320588	232857518.54284507	0.3181476188586168	174423.93699890396	0.3811598714762471	1.3021491498584843	47461.44630667893	28946.02489176557
8275000.0	53131.315066487114	235542652.80406848	0.3187813591071617	174425.28627168163	0.3839766760870211	1.300316017443068	47318.92328699161	28843.117403572687
8300000.0	53325.33367813591	238248938.11395997	0.3194064590031642	174426.5348477552	0.3868012897162447	1.298503673670241	47178.843023009125	28742.163531027953
8325000.0	53519.66321341704	240975694.90813258	0.320022823576122	174427.6650030039	0.38963322122480987	1.2967098962933488	47041.13700692092	28643.11130859745
8350000.0	53714.28798398888	243722266.6567332	0.32063044838574134	174428.7264908307	0.39247227343765256	1.294931584184239	46905.7330732233	28545.956571042043
8375000.0	53909.203409452144	246488727.390271	0.32122895565590615	174429.63408542884	0.39531868982450813	1.2931687875515254	46772.62689758679	28450.690535433965
8400000.0	54104.40508391034	249275153.1227399	0.32181829970925946	174430.2867457766	0.3981728230766539	1.2914233623685205	46641.8437726431	28357.31814847753
8425000.0	54299.888404533194	252081620.4486548	0.32239813595359557	174430.64879681988	0.40103456315332237	1.2896965504976627	46513.455012497405	28265.8841741941
8450000.0	54495.64853112294	254908205.24491882	0.3229682738896118	174430.73371264295	0.40390376831285696	1.2879886062329529	46387.46877118216	28176.393083623316
8475000.0	54691.680527184726	257754981.34352675	0.3235286705120114	174430.52550646762	0.4067802713105674	1.2863006586319026	46263.907290039555	28088.847657324954
8500000.0	54887.99448494837	260623205.7756614	0.32407854533227975	174429.99080912446	0.409664400010532	1.2846341415852938	46142.936409204696	28003.381357451344
8525000.0	55084.57619993236	263512327.01365614	0.3246178533648777	174429.1339398522	0.4125558843908753	1.2829901550658487	46024.636780556204	27920.047802160396
8550000.0	55281.41162042093	266421817.48797822	0.32514418149579116	174427.82250760274	0.4154550140423132	1.2813689379239743	45909.17746214485	27839.005125657673
8575000.0	55478.494117420465	269351751.61858	0.3256587573610324	174426.002873318	0.41836195824891165	1.2797701398248336	45796.45549706217	27760.167447945
8600000.0	55675.818227413474	272302202.5909161	0.3261638323069843	174423.7115157231	0.4212764833690653	1.27819240310142	45686.109320466974	27683.208264661953
8625000.0	55873.379631562515	275273241.5934709	0.32666157794227035	174421.24711042913	0.4241982478726618	1.2766331280602081	45577.74931880192	27607.797553760596
8650000.0	56071.175281895434	278264936.20992345	0.32715472038928317	174419.03253330733	0.42712675747875983	1.275089433323782	45470.97901223638	27533.599856481345
8675000.0	56269.20336553386	281277351.20154095	0.32764514814943585	174417.1510222238	0.43006193812067245	1.273560271135554	45365.51602940047	27460.369373439826
8700000.0	56467.462678086085	284310551.33926123	0.3281323849598923	174415.51457969184	0.4330039344378724	1.2720462005871809	45261.699776737885	27388.4494529832
8725000.0	56665.951375708755	287364602.12048084	0.3286150447422008	174414.1099204501	0.4359528937165517	1.2705485202101983	45159.7644250208	27318.038007039537
8750000.0	56864.66693253543	290439569.851925	0.32909215995925367	174412.92357083474	0.43890892521537567	1.2690679909856533	45059.52347033004	27248.922836840866
8775000.0	57063.60617330108	293535519.46366584	0.32956257464555805	174411.947636613	0.44187199609249705	1.2676034218774315	44960.74053888053	27180.885365173344
8800000.0	57262.76904264915	296652882.9341889	0.3300251689363875	174411.19662023842	0.4448420176062531	1.2661552928661308	44863.15529449378	27113.631601399356
8825000.0	57462.15358878727	299791998.8504371	0.33047891054645484	174410.69851762333	0.4478191147019276	1.2647235514437416	44766.56939457315	27046.953200677523
8850000.0	57661.74752402351	302952230.3120633	0.33092291207436064	174410.422823085	0.45080333083997537	1.263308149024914	44670.7888541543	26980.65992766315
8875000.0	57861.54568854062	306133641.71197104	0.33135758005257326	174410.2194439118	0.4537950632849582	1.2619103433952201	44576.01222694988	26914.942108695574
8900000.0	58061.54311442039	309336296.0392855	0.33178350935481177	174410.1809833205	0.45679409627274536	1.2605298662348865	44482.410114033046	26849.982074511227
8925000.0	58261.73548983468	312560255.44005674	0.33220159633388835	174410.28265587837	0.45980026313137423	1.2591660424074365	44390.21929050515	26786.035462342195
8950000.0	58462.118845868645	315805580.5289733	0.3326127971156974	174410.5632818612	0.4628133897205916	1.2578178174133987	44299.623839811386	26723.317601881907
8975000.0	58662.68969661259	319072329.2593735	0.33301805011672075	174411.0497241929	0.46583333260618676	1.2564855014015563	44210.836813375616	26662.03295485354
9000000.0	58863.445081701444	322360559.1017787	0.3334179839340997	174411.70761988257	0.46886013511987684	1.2551696936723962	44123.96508165274	26602.276531319556
9025000.0	59064.382199123545	325670328.18777055	0.33381224514641	174412.46077693522	0.4718942053161894	1.2538717359969107	44038.89514444414	26543.90859032611
9050000.0	59265.49786572013	329001694.8972372	0.33419989436056546	174413.29525500291	0.47493552540529616	1.252591235889194	43955.56271471813	26486.86547392494
9075000.0	59466.788348345144	332354716.42877984	0.334580142946444	174414.21606080365	0.477983900449362	1.251326826729731	43873.939515928854	26431.145207046462
9100000.0	59668.24927646825	335729448.3767923	0.3349520866789665	174415.26014852617	0.4810391532304973	1.2500775434947982	43794.030441611205	26376.770984680566
9125000.0	59869.87565701139	339125943.63307744	0.3353148105913463	174416.4441823613	0.4841011286427371	1.2488421693804068	43715.82143564598	26323.756422795715
9150000.0	60071.66199627202	342544254.4674046	0.33566738664437995	174417.7346331284	0.4871699512339773	1.2476204644129134	43639.36343359717	26272.16344252161
9175000.0	60273.60230219454	345984434.0025972	0.3360091283636767	174419.06425922748	0.4902460248672784	1.2464139657151732	43564.78561192005	26222.094894343525
9200000.0	60475.69054590093	349446537.12329453	0.33634006178584036	174420.36000505285	0.4933296073163349	1.2452237528579821	43492.14230666363	26173.585169850143
9225000.0	60677.920898150376	352930618.449136	0.3366606541410484	174421.6121453335	0.4964206769541829	1.2440496245984305	43421.38586809194	26126.59294941112
9250000.0	60880.28779700023	356436732.1038912	0.3369713908451368	174422.84868781304	0.49951917567201254	1.2428915273062486	43352.45441671922	26081.05622147462
9275000.0	61082.7859858379	359964930.29969186	0.33727278741650746	174424.0510864989	0.5026250624974598	1.241749368161971	43285.27475486769	26036.90478404513
9300000.0	61285.41041280378	363515263.84540796	0.3375654015607868	174425.24079813733	0.5057382386601195	1.2406231906311351	43219.80730829947	25994.095582407997
9325000.0	61488.15635041443	367087782.9874573	0.3378496509387112	174426.40291434305	0.508858727185503	1.239512870723566	43155.985496987756	25952.565830774874
9350000.0	61691.019670350266	370682542.5952697	0.3381260083053628	174427.49787976715	0.511988056006945	1.2384183820591026	43093.701622306864	25912.25994805208
9375000.0	61893.99683733833	374299602.7891326	0.3383949756942608	174428.50795334144	0.5151267430792601	1.2373396095313087	43032.8845613515	25873.126799874986
9400000.0	62097.083289799186	377938996.95955336	0.33865731795991494	174429.5800431748	0.5182688944314199	1.2362752845513412	42973.601382018576	25835.06625012142
9425000.0	62300.274496853905	381600752.6362405	0.33891347812761863	174430.6297104176	0.5214180648109624	1.2352263558872172	42915.7269075574	25798.04939505236
9450000.0	62503.56826599638	385284934.79546946	0.3391635739243979	174431.62478007493	0.5245741489164867	1.2341926444089328	42859.22833351904	25762.043805431764
9475000.0	62706.96053917845	388991572.9597205	0.3394067773366164	174432.51934863115	0.5277376870969818	1.2331756514260181	42804.245110272896	25727.16674103383
9500000.0	62910.447125581086	392720712.37954015	0.3396417647380935	174433.1871226913	0.5309092217227287	1.232177985293331	42751.01456717007	25693.61123188513
9525000.0	63114.023718489996	396472399.24228066	0.3398683762521982	174433.6102916028	0.5340888185937713	1.2311982905631522	42699.48949531973	25661.356510590813
9550000.0	63317.68858226236	400247407.4166492	0.3400869001166918	174433.7838063064	0.53727644788839	1.2302367830395555	42649.6441391165	25630.36389260172
9575000.0	63521.4371773642	404045757.8434217	0.3402974565425713	174433.71082744843	0.5404721269067395	1.2292924778883711	42601.40380329968	25600.58425588709
9600000.0	63725.263071090616	407866896.4882591	0.34050044934195095	174433.41082263913	0.5436754732684732	1.228364009149883	42554.68210660835	25571.95270620869
9625000.0	63929.16233948548	411710864.7524002	0.3406962024506756	174432.85751880257	0.546886687949331	1.2274504894604734	42509.36641488381	25544.38608048072
9650000.0	64133.13111421284	415577701.8123364	0.3408850398920901	174432.0417205426	0.5501054690335079	1.226550938861649	42465.40735399248	25517.850150464594
9675000.0	64337.16571272289	419467445.4956055	0.34106731764800396	174431.0048836197	0.5533317319880382	1.2256650265154478	42422.74706662832	25492.28965360404
9700000.0	64541.26257729926	423380131.42013156	0.3412431158202359	174429.70431649033	0.5565653808436184	1.2247911740136703	42381.30030789604	25467.659092360176
9725000.0	64745.41826678714	427315793.6326612	0.34141279130507673	174428.1481247221	0.5598062373122077	1.2239286574383323	42340.993029871825	25443.897615640446
9750000.0	64949.62944289671	431274464.0260825	0.34157664333773996	174426.4128665684	0.5630542217561675	1.2230771283994595	42301.78807824594	25420.972742229926
9775000.0	65153.89262762686	435256171.5971013	0.34173396981957294	174424.6542819137	0.5663095160315231	1.2222365703102462	42263.796378112485	25398.99699301237
9800000.0	65358.20396381462	439260945.7652981	0.34188365285991174	174423.02335578325	0.5695724215845378	1.221408052831658	42227.22003374049	25378.151195293605
9825000.0	65562.55930848017	443288818.570756	0.3420256306841731	174421.5278683378	0.572843059871139	1.2205927040320683	42192.1136824972	25358.467923017954
9850000.0	65766.95458936294	447339818.1108283	0.34216034408522633	174420.13091518	0.5761213706503718	1.2197896865345756	42158.37239684044	25339.861094285126
9875000.0	65971.3859266457	451413972.69473463	0.3422878757420708	174418.8578469447	0.5794074045617545	1.2189995001614335	42125.936888032054	25322.261947527353
9900000.0	66175.85292972813	455514043.43601435	0.3424078605242938	174417.7325675498	0.5827018174227921	1.2182225680063086	42094.88044195207	25305.733027395432
9925000.0	66380.34796519966	459637506.1017394	0.34252142515936873	174416.7684136151	0.5860038389828107	1.2174575186831964	42064.95629582751	25290.0588067582
9950000.0	66584.86755111566	463784338.4174991	0.3426288169653528	174415.971912875	0.5893132544690511	1.2167041520742503	42036.124784899104	25275.2015745968
9975000.0	66789.4084379448	467954562.4480157	0.34273033322481905	174415.34970268066	0.5926301469322528	1.2159622168488404	42008.303008476265	25261.086857520662
10000000.0	66993.9675369118	472148198.3184562	0.3428262761464135	174414.90223155697	0.5959544101327646	1.215231419488953	41981.41004618257	25247.639606504912
10025000.0	67198.54190780917	476365264.3326808	0.34291693159010583	174414.62760160796	0.5992859397272507	1.2145113537869525	41955.38704985023	25234.810041761775
10050000.0	67403.12872537486	480605776.35955757	0.3430025419035534	174414.54022461816	0.6026246527706757	1.2138018272015896	41930.18121201822	25222.547529462372
10075000.0	67607.72520713366	484869748.1777722	0.34308299249515223	174414.64489278704	0.6059706002182385	1.213103307737888	41905.78481440812	25210.831698495836
10100000.0	67812.3284926399	489157194.14215446	0.3431572008628924	174414.8395879423	0.6093244724365781	1.2124170221159178	41882.37089045691	25199.823510889833
10125000.0	68016.93527033756	493470976.69927627	0.34322414615334956	174415.06459846627	0.6126875067579062	1.2117454919433348	41860.1527614791	25189.680625781097
10150000.0	68221.54125950277	497809405.9503945	0.3432845767396265	174415.3845813425	0.6160588242862723	1.211086425983717	41839.02011296089	25180.33529951492
10175000.0	68426.1432243498	502171520.6650585	0.3433389262852169	174415.77870490515	0.6194380898446817	1.2104399130907162	41818.92031845801	25171.73121551956
10200000.0	68630.73808842152	506557332.255216	0.3433874477840212	174416.24396437037	0.6228251412665016	1.209805497936519	41799.83497212433	25163.858187015227
10225000.0	68835.32293231194	510966850.8498678	0.34343029385815876	174416.78437215564	0.6262199995964748	1.209182850136545	41781.7504619579	25156.711322758085
10250000.0	69039.89492998763	515400084.13547075	0.34346764210512604	174417.41578406352	0.6296225697903775	1.208571714547968	41764.6538705007	25150.280686984563
10275000.0	69244.45132704172	519857036.6077146	0.3434997665687533	174418.15723474688	0.6330325815969894	1.2079718003360573	41748.52967076347	25144.549963254194
10300000.0	69448.98888118833	524338484.1778037	0.3435267292693323	174418.99587542546	0.6364504844861006	1.2073834507232084	41733.3964599707	25139.53384369552
10325000.0	69653.501314654	528847738.0897194	0.3435480725203969	174419.95349808547	0.6398768893939313	1.206807183936355	41719.337226470656	25135.295112957996
10350000.0	69857.98915975422	533380895.51710784	0.34356478113114886	174421.03716339392	0.643310550220475	1.2062409655630704	41706.20195015638	25131.733746794573
10375000.0	70062.45006139902	537937953.1693342	0.3435767125415846	174422.2266941061	0.6467515470772476	1.205684947079971	41693.99842184417	25128.855275378548
10400000.0	70266.88139552042	542518909.2447995	0.3435831541413341	174423.43512164245	0.6502003447522645	1.2051400640105878	41682.811791920845	25126.7293782433
10425000.0	70471.28038106763	547123761.5939419	0.3435836414279029	174424.628558281	0.6536572086810615	1.204606827069933	41672.68906523636	25125.394929731585
10450000.0	70675.6442202554	551752506.2197571	0.34357838660894635	174425.85898565236	0.6571219755582777	1.2040848140756115	41663.58587302458	25124.816073201837
10475000.0	70879.96498438306	556408215.0451202	0.3435672728482419	174427.03847385096	0.6605957983902266	1.2035753123043609	41655.58625176975	25125.05325289394
10500000.0	71084.23972108509	561090562.2029095	0.34355059997555143	174428.195801667	0.664078451756631	1.2030772544909252	41648.5964005229	25126.037401328373
10525000.0	71288.47030597215	565796983.590998	0.34352929466301374	174429.3547740213	0.6675690294784996	1.2025895601697876	41642.48656566112	25127.66437036045
10550000.0	71492.65466830789	570527468.4994704	0.34350361028384463	174430.50320735777	0.6710675520948246	1.2021119510415903	41637.20796303128	25129.893003856934
10575000.0	71696.79092482815	575282003.9825836	0.3434738192035547	174431.63519831674	0.6745739517761624	1.2016440592740438	41632.71322026018	25132.685423542523
10600000.0	71900.87736030488	580060574.8893594	0.3434402191937661	174432.75499436734	0.6780880802667508	1.2011855257155122	41628.96104768803	25136.009078406267
10625000.0	72104.90406152792	584866843.5570388	0.34340256570712874	174433.85281089865	0.6816110507231299	1.2007375621659009	41626.01405238878	25139.898017930558
10650000.0	72308.87020107797	589700141.7952293	0.3433613804083869	174434.95595811808	0.6851427889541721	1.2002998972014065	41623.80706353035	25144.298986335183
10675000.0	72512.78058187425	594557637.1962929	0.34331699649503056	174436.04390327644	0.6886821300411428	1.1998715865346214	41622.25509792754	25149.141356002576
10700000.0	72716.63363093634	599439308.3897777	0.3432686353943538	174437.07792304	0.6922294928861913	1.1994538892848559	41621.47192711751	25154.519156840088
10725000.0	72920.42762637787	604345132.9584135	0.34321570672460355	174438.02109044947	0.6957852036631789	1.199047585082848	41621.538145821454	25160.501566853847
10750000.0	73124.15972666614	609275469.832823	0.3431581161296916	174438.84499733377	0.6993493339508535	1.198652463149487	41622.45125290195	25167.087858634055
10775000.0	73327.80989160875	614236968.2346226	0.34309540852639653	174439.51939835097	0.7029242146057174	1.198270363709235	41624.3425509791	25174.367559559203
10800000.0	73531.39396413058	619222785.2464828	0.34302897317904346	174440.09357548557	0.7065072709239298	1.1978979845740336	41626.949557371365	25182.143778401613
10825000.0	73734.91061640612	624232891.415172	0.34295915994146897	174440.55367522786	0.7100984891535504	1.1975347018016036	41630.22102594768	25190.37953296316
10850000.0	73938.35870100342	629267254.7551656	0.34288631203215514	174440.89103692293	0.7136978324231195	1.197179983329803	41634.115991376944	25199.044084006444
10875000.0	74141.73723633234	634325840.6340832	0.342810759073487	174441.1020179342	0.7173052353238416	1.1968333794639059	41638.60195022628	25208.111608064813
10900000.0	74345.02321550094	639416047.5844672	0.3427321513989152	174441.14101250563	0.7209228492769265	1.1964963854592798	41643.768481037405	25217.63359498334
10925000.0	74548.23433643692	644531439.2408326	0.3426514933942031	174441.05241469652	0.7245485952187829	1.1961666824685715	41649.4313952752	25227.475910254092
10950000.0	74751.37244174215	649671190.4867342	0.3425692286568136	174440.8266241728	0.7281822053951456	1.1958437119666985	41655.539905684745	25237.600098455056
10975000.0	74954.43720235844	654835257.2883049	0.34248549968960057	174440.44872416605	0.7318235821167918	1.1955272605657437	41662.07939097532	25247.99513783972
11000000.0	75157.42720945648	660023983.4316038	0.34240023672632103	174439.89903713355	0.7354726758840178	1.1952173032107662	41669.058499080464	25258.668227721028
11025000.0	75360.31584609763	665245599.9144771	0.34231089710177354	174439.03793732682	0.739133103582515	1.1949190089556556	41676.88482553307	25269.920588528374
11050000.0	75563.1275717699	670491663.4153599	0.34221885887903	174437.92793675786	0.7428017480499898	1.1946294867745921	41685.31521641975	25281.57088215305
11075000.0	75765.86174625489	675762124.5956197	0.3421244495881811	174436.57138233478	0.746478663978487	1.194348310137195	41694.30158201367	25293.586346913427
11100000.0	75968.51782706892	681056930.7638412	0.34202788605562773	174435.001978268	0.7501638259353731	1.1940751821634978	41703.81332539174	25305.946014410532
11125000.0	76171.08184834656	686380159.6951435	0.34192885396134465	174433.30996699014	0.7538583987928438	1.1938113730967204	41713.93817751752	25318.7062033943
11150000.0	76373.54705130619	691733455.6966145	0.3418271970682729	174431.7565239733	0.7575623175539207	1.193555984603182	41724.69521999777	25331.89659286658
11175000.0	76575.93094752295	697111210.0542133	0.3417236379116736	174430.33123502653	0.7612740462282584	1.193307445543477	41735.924988507024	25345.401503539233
11200000.0	76778.23321428208	702513358.7292109	0.34161840088778117	174429.03614168364	0.7649935085699127	1.1930654824870048	41747.594218120954	25359.195051489965
11225000.0	76980.45345810919	707939876.6604103	0.3415117234899892	174427.8700781862	0.7687205626190243	1.192829738908021	41759.67013717525	25373.252464157118
11250000.0	77182.55542516019	713401240.9861943	0.34140342659243106	174426.89536105547	0.772458414551995	1.192602461279855	41772.28631146452	25387.658454817865
11275000.0	77384.5739199701	718887092.2118076	0.34129423328149916	174426.07926533796	0.7762035036473868	1.192380550163854	41785.22198499151	25402.257190841967
11300000.0	77586.50888690806	724397357.0956842	0.34118359722561836	174425.38037886308	0.779956218022502	1.1921649422962197	41798.56180688181	25417.119652379788
11325000.0	77788.3601826023	729931958.8145373	0.3410710172769558	174424.76716051897	0.7837168261465352	1.1919564722360725	41812.38457157437	25432.31046127425
11350000.0	77990.09662884094	735499434.3515484	0.3409549522450641	174424.27586626977	0.7874878233177967	1.1917588834869999	41827.00641969451	25448.0515753672
11375000.0	78191.73658800474	741094129.2321129	0.3408363535954565	174423.89113550575	0.7912677760987117	1.1915694550884224	41842.209623875315	25464.191005947003
11400000.0	78393.2892155894	746713242.7758572	0.34071572667266314	174423.59309021808	0.795055519745417	1.191386905747796	41857.89376122	25480.65326432907
11425000.0	78594.75425366868	752356689.5842079	0.34059327036306175	174423.37844067818	0.7988509312823843	1.1912108919699738	41874.02415943087	25497.409818391385
11450000.0	78796.10216942974	758032409.5578421	0.3404687780323274	174423.28673428364	0.8026567550512386	1.191043019541529	41890.67396842301	25514.49930501155
11475000.0	78997.34576374912	763736672.6049569	0.34034288817382513	174423.28799699372	0.8064716287840139	1.190881396924535	41907.706771481346	25531.824655741373
11500000.0	79198.49997036337	769465334.4418142	0.34021607446447966	174423.3679934551	0.810294071585001	1.1907246253351338	41925.03335915135	25549.325384659198
11525000.0	79399.5650200088	775218299.1711186	0.3400885220319868	174423.5305989439	0.8141239965366078	1.1905723823948426	41942.62576946151	25566.979358514443
11550000.0	79600.50809785246	781004479.0489179	0.3399603170168943	174423.8390744407	0.817964324205782	1.190425869846156	41960.506099167804	25584.780209239652
11575000.0	79801.34749553466	786818964.1000326	0.33983206217907047	174424.24271533627	0.8218133631107098	1.1902830781892222	41978.55484340912	25602.653784350336
11600000.0	80002.09789980738	792657798.249625	0.33970353424814026	174424.73486473304	0.8256698136174452	1.1901437732371916	41996.78138988992	25620.613200817974
11625000.0	80202.75977361569	798520874.2303073	0.3395744888589657	174425.31462220635	0.8295336390442141	1.190008258211271	42015.22064612171	25638.685110416085
11650000.0	80403.29014324078	804419763.6754524	0.33944286698894893	174425.95193053738	0.8334090790188963	1.1898808156046337	42034.24263028006	25657.142367538698
11675000.0	80603.7227848167	810345054.1671599	0.3393096868196199	174426.6434678339	0.837292965561266	1.1897589755411482	42053.64899574501	25675.847057113286
11700000.0	80804.06529333428	816294622.3626478	0.33917531075427554	174427.3815860618	0.841184620159591	1.1896420363717384	42073.38127484122	25694.759291558817
11725000.0	81004.31193191964	822269943.2719231	0.33903989948960817	174428.16588026844	0.8450845155709312	1.1895300487374993	42093.43214785662	25713.87200662914
11750000.0	81204.42051760067	828282279.5904216	0.33890356339093153	174429.01561735765	0.8489959321776794	1.189424507826483	42113.84317636279	25733.18994363617
11775000.0	81404.4386044576	834318918.1951973	0.3387669790983318	174429.9025900539	0.8529149151624644	1.1893230595394595	42134.45219515331	25752.609742423458
11800000.0	81604.36679720103	840379733.8153372	0.33863028798597933	174430.82423147396	0.8568414001076861	1.189225518380636	42155.235432097565	25772.113194287496
11825000.0	81804.17959783516	846471673.8832732	0.33849375808915166	174431.78537531226	0.8607774763590316	1.1891326055466296	42176.19084131726	25791.684375471978
11850000.0	82003.87341783544	852595939.6200438	0.33835787882457485	174432.80138985126	0.8647234801694101	1.1890441548375794	42197.25971345416	25811.270698255168
11875000.0	82203.47890715937	858744384.7688911	0.338222717713596	174433.8467191467	0.8686768015187556	1.1889588539831704	42218.38047538574	25830.841726489798
11900000.0	82402.99690798651	864916871.2216558	0.3380883551344833	174434.9169927602	0.8726373510144217	1.1888766357062244	42239.54079207517	25850.387412847318
11925000.0	82602.37649156168	871127822.1089483	0.33795500622724894	174436.04244025034	0.8766093897903133	1.188800035330171	42260.80192957896	25869.912618141523
11950000.0	82801.66420401726	877364414.5004361	0.3378209651125349	174437.1542590678	0.8805895109668844	1.1887293496396474	42282.35007786124	25889.59470217467
11975000.0	83000.8658223002	883625030.7214277	0.33768632559821	174438.2614688229	0.8845772217919265	1.1886639378506947	42304.15164329452	25909.414826779066
12000000.0	83199.95619090633	889916679.6279494	0.33755101288604333	174439.3789641915	0.8885747706490525	1.1886048059603154	42326.24973832838	25929.39547071471
12025000.0	83398.92636557041	896241937.4893084	0.3374155398427985	174440.47185389325	0.8925826584841272	1.1885515737144767	42348.583057604636	25949.481561971617
12050000.0	83597.8110359181	902591194.1501232	0.3372801508872324	174441.5473394216	0.8965979585487482	1.1885021421244746	42371.04286924599	25969.61213978946
12075000.0	83796.60959815182	908964657.7527565	0.3371449318953636	174442.60534089804	0.9006207478140598	1.1884563674731472	42393.6124875699	25989.7743793076
12100000.0	83995.26376973453	915379083.6450295	0.3370106580827669	174443.64265063248	0.9046559547502911	1.1884154228997237	42416.26833339517	26009.921296076987
12125000.0	84193.8344241451	921817467.6719925	0.33687722993069313	174444.65833171227	0.9086985333247946	1.1883767865549644	42438.91672025702	26030.01446385974
12150000.0	84392.32246870363	928279641.6696887	0.3367447285436278	174445.65128743963	0.9127483585945559	1.1883402273974382	42461.54404408087	26050.044929421798
12175000.0	84590.68652102097	934777941.7997385	0.3366140258524105	174446.60451064497	0.9168088331164137	1.1883058414389291	42484.07885513292	26069.939208372136
12200000.0	84788.95059480646	941305913.1328166	0.33648517305492853	174447.53150809917	0.9208781601636756	1.188272541711466	42506.46126549138	26089.663369043617
12225000.0	84987.13537472354	947857604.6306095	0.3363576701460044	174448.42651044027	0.9249541544964888	1.1882402313182356	42528.75067255568	26109.270178566567
12250000.0	85185.21664865357	954440537.1729169	0.33623175557598844	174449.26316373868	0.9290383279395951	1.1882094017200813	42550.959959612504	26128.749833645994
12275000.0	85383.18347155472	961058515.6889505	0.33610604138411554	174450.01457427908	0.9331343842210922	1.1881829989314174	42573.30113658089	26148.28891029583
12300000.0	85581.07350872844	967700139.6816125	0.3359806192654284	174450.6996875821	0.9372379684107823	1.1881593357088338	42595.709973050456	26167.843564601142
12325000.0	85778.87572145274	974368882.6542287	0.33585561920697293	174451.3038886856	0.9413499146755131	1.1881386772757991	42618.184570026875	26187.402477406657
12350000.0	85976.55091219972	981077310.9768683	0.3357318016000655	174451.78366481198	0.9454740382335025	1.1881219188120462	42640.66712280648	26206.894640963143
12375000.0	86174.15168334506	987809295.3259256	0.33560889403700633	174452.17905800932	0.9496052693175898	1.1881073265687274	42663.12547779669	26226.318138128234
12400000.0	86371.6775653961	994565041.7928704	0.335486943182814	174452.48737269797	0.9537436476998427	1.1880948918555922	42685.554046613994	26245.666968049456
12425000.0	86569.06861205261	1001364330.9819214	0.335367206366699	174452.64653818682	0.957895136547481	1.1880860385366196	42707.839300389925	26264.802508057146
12450000.0	86766.38863364565	1008187069.294405	0.3352489363299377	174452.7006283951	0.9620536719965632	1.1880788189026397	42730.00875437245	26283.790193087512
12475000.0	86963.63844893166	1015033044.4067363	0.33513214308660416	174452.65103371	0.9662191886594306	1.188073177790279	42752.05878978804	26302.627677707555
12500000.0	87160.76257998549	1021921558.1704777	0.3350184084205554	174452.42840580005	0.9703974597748088	1.188069750183337	42773.813553101194	26321.130530668033
