z	T	P	nabla_ad	S	rho	delta	cp	cv
0.0	9389.22399655	3805.37504887	0.119976168979	174368.945312	6.01628826757e-05	1.52658408419	83337.2963718	68054.4128418
25000.0	9510.14927846	4237.2135293	0.1181801628	174345.722805	6.58868850002e-05	1.5545592642	86487.1368144	70605.8115712
50000.0	9628.89244393	4709.78209956	0.116547270655	174363.224183	7.2046036923e-05	1.58296651047	89712.5188654	73208.4325692
75000.0	9745.60663158	5226.17261597	0.115136437536	174374.960575	7.86772341124e-05	1.6105209015	92810.1369029	75688.4938186
100000.0	9860.61783703	5789.80207063	0.113964039685	174345.535238	8.58219690593e-05	1.6362566864	95629.391766	77919.2168802
125000.0	9974.07797253	6404.285756	0.11289240365	174347.544639	9.34868717798e-05	1.66219136407	98488.5088623	80172.4316989
150000.0	10086.0672688	7073.17421702	0.111920433462	174389.083332	0.000101691915914	1.68845770917	101415.756068	82472.1619661
175000.0	10196.759404	7800.54784664	0.111123645485	174378.330812	0.000110510125102	1.7127050041	104034.257925	84500.1866716
200000.0	10306.2830853	8590.49738056	0.110408423455	174393.193469	0.000119937675655	1.73680170535	106658.910211	86525.5409001
225000.0	10414.7325999	9447.29839532	0.109795350352	174400.481885	0.000130023668532	1.76018682426	109177.474216	88452.2311566
250000.0	10522.2395797	10375.9155765	0.109297537885	174375.525788	0.000140822580422	1.78190910046	111459.747623	90174.295672
275000.0	10628.8899148	11381.0633444	0.108845742627	174378.739445	0.000152332824704	1.80383692348	113783.831795	91922.3786731
300000.0	10734.7230997	12467.772663	0.108448436018	174397.157207	0.000164595393207	1.82545004764	116082.901544	93642.793978
325000.0	10839.8101361	13641.4741786	0.1081291597	174391.857281	0.000177678325667	1.84571402444	118198.509219	95206.0841276
350000.0	10944.2457934	14908.0145911	0.107869662946	174371.572343	0.000191621886384	1.86511034508	120185.486396	96656.1284687
375000.0	11048.069074	16273.2140936	0.10764872883	174380.397533	0.000206424750403	1.88449258664	122194.725146	98118.4566108
400000.0	11151.3194595	17743.0917968	0.107479169012	174398.424758	0.000222142189479	1.90359471072	124171.547475	99547.5861811
425000.0	11254.0568478	19324.6278697	0.107369274069	174386.304618	0.00023886540411	1.92127837215	125946.232302	100807.155845
450000.0	11356.3525814	21024.2877227	0.107293184632	174368.66632	0.000256614015192	1.93835577357	127631.410555	101987.302395
475000.0	11458.2177405	22849.676869	0.107234071516	174378.48186	0.000275394661558	1.95559479355	129362.332226	103200.269158
500000.0	11559.6695858	24807.7841443	0.107205597227	174396.290001	0.000295270545475	1.9722844475	131054.039287	104381.510812
525000.0	11660.7525592	26906.4510603	0.107223679567	174388.263979	0.000316344732753	1.98791260005	132597.800121	105440.565815
550000.0	11761.5245591	29154.2553191	0.107267386098	174366.928446	0.000338658166329	2.00264493129	134027.780245	106406.182626
575000.0	11861.9901785	31559.6000427	0.107315808609	174373.321344	0.000362189846371	2.01749622163	135510.098205	107412.356272
600000.0	11962.1524133	34131.0437684	0.107383145375	174391.864273	0.000387011211483	2.03201389136	136969.524995	108398.09279
625000.0	12062.0397794	36877.6683128	0.107485396578	174394.606991	0.000413230893823	2.04549879895	138287.739351	109268.876183
650000.0	12161.7066226	39810.0260475	0.107625776041	174368.730577	0.000440949221112	2.05822014731	139474.265522	110029.934772
675000.0	12261.1766731	42937.8567256	0.107776080607	174367.333271	0.000470103910508	2.07111143766	140701.434519	110820.270457
700000.0	12360.448762	46271.0427076	0.107937243045	174383.784688	0.000500754826835	2.08373885109	141921.250028	111603.914205
725000.0	12459.5327503	49820.5923781	0.108114546592	174397.832187	0.000533011199711	2.09552696503	143048.474836	112314.706518
750000.0	12558.4579729	53598.1245385	0.108316001834	174379.836021	0.000567029655556	2.10608039854	143998.078064	112884.68913
775000.0	12657.2611806	57615.3762946	0.108534243367	174361.68425	0.000602787043992	2.11661440638	144934.683184	113440.55949
800000.0	12755.9428194	61884.3341513	0.108760433768	174368.857787	0.000640260391004	2.12737049453	145918.954797	114031.677512
825000.0	12854.5032016	66417.3130253	0.10899798672	174387.790658	0.000679547064211	2.13782663926	146881.908153	114605.470747
850000.0	12952.9552333	71227.3772876	0.109250765078	174397.294307	0.000720790567316	2.14743230138	147740.938494	115098.596304
875000.0	13051.3290982	76328.6890748	0.109522910144	174372.393973	0.000764175880854	2.1558598574	148428.575284	115457.963936
900000.0	13149.651655	81735.7244989	0.109808684298	174358.118176	0.000809596540394	2.1643320815	149127.097055	115823.39325
925000.0	13247.9212536	87462.1314702	0.110103628591	174366.682397	0.000857054277018	2.17290619674	149860.703303	116215.296025
950000.0	13346.1383727	93521.9141625	0.110407767746	174385.345386	0.000906661557496	2.18119111078	150575.815046	116593.740076
975000.0	13444.3120456	99931.431737	0.110721159567	174395.184186	0.00095859260465	2.18878208894	151209.549264	116911.378723
1000000.0	13542.463917	106707.346421	0.111044254121	174372.595721	0.00101306994559	2.19539900626	151706.253419	117125.569805
1025000.0	13640.6146402	113865.894482	0.111375585135	174355.316086	0.00106996409454	2.20195067315	152206.239219	117342.997429
1050000.0	13738.7602137	121425.236566	0.111713731691	174360.424882	0.00112925028338	2.20856624261	152741.232065	117588.309603
1075000.0	13836.8985803	129401.016929	0.112059608811	174377.535577	0.00119104514777	2.21494227777	153264.818522	117826.00118
1100000.0	13935.0356597	137810.2808	0.112413853286	174391.620541	0.00125551980732	2.22077791661	153726.320495	118017.451417
1125000.0	14033.1871879	146675.014684	0.112776729525	174382.243463	0.0013229216453	2.22583462	154076.749795	118124.832879
1150000.0	14131.3777536	156014.339811	0.113151089427	174356.884241	0.0013933122541	2.23057116593	154375.254519	118192.947708
1175000.0	14229.6128638	165847.65508	0.113532949382	174353.309828	0.00146648174027	2.23534065924	154702.961696	118284.78968
1200000.0	14327.8880968	176194.586053	0.113921674377	174365.290469	0.00154251445141	2.23995099867	155030.834301	118377.823512
1225000.0	14426.2042392	187075.650983	0.114316524728	174381.844105	0.00162159457739	2.24417920523	155321.093171	118443.793339
1250000.0	14524.568415	198512.567876	0.114716368401	174388.475005	0.00170393044193	2.24783664672	155538.636524	118456.01807
1275000.0	14622.9971351	210528.539974	0.115126002558	174370.461545	0.00178979873155	2.2511008215	155686.380289	118415.848338
1300000.0	14721.5096808	223147.471171	0.115543507147	174351.998737	0.00187905871833	2.25425568825	155822.996721	118367.976615
1325000.0	14820.1044762	236393.197374	0.115966854524	174352.140273	0.00197159508417	2.25728628353	155968.125308	118328.577173
1350000.0	14918.7786628	250290.277365	0.116395339494	174363.912537	0.00206756004688	2.26002240991	156095.169169	118277.868285
1375000.0	15017.5328474	264859.152865	0.116827858626	174377.779612	0.00216712812911	2.26231064042	156177.142067	118195.650869
1400000.0	15116.3742119	280126.547674	0.11726875418	174385.059995	0.00227049014233	2.26424225122	156216.597924	118083.301962
1425000.0	15215.3187265	296123.259313	0.117717996897	174370.885669	0.0023779782426	2.26593583686	156208.569721	117935.53505
1450000.0	15314.3817287	312871.032803	0.11817215827	174351.745144	0.0024894787612	2.2674865581	156180.414832	117773.462962
1475000.0	15413.5635886	330405.544542	0.118630822175	174348.543616	0.00260483597598	2.26884664976	156148.658084	117610.757714
1500000.0	15512.8599355	348745.631391	0.119093094746	174355.624518	0.00272416474346	2.26989062424	156093.44054	117432.841978
1525000.0	15612.2717529	367923.104862	0.119563298405	174369.171769	0.00284759517639	2.27063911457	156014.787441	117239.569672
1550000.0	15711.8052777	387969.061748	0.120042744494	174381.243717	0.00297534957192	2.27113951586	155910.392898	117028.744656
1575000.0	15811.4706802	408909.363439	0.120527679322	174378.78953	0.00310775810225	2.27141968203	155768.097827	116790.432589
1600000.0	15911.2830228	430778.433022	0.12101387439	174355.882286	0.00324510084837	2.27155233345	155588.747856	116524.905207
1625000.0	16011.2480398	453612.920095	0.121502568037	174342.996953	0.00338696917355	2.27147252303	155396.477806	116251.902799
1650000.0	16111.3624051	477443.250173	0.121998786052	174343.968386	0.00353332273487	2.27116613377	155194.472839	115974.103834
1675000.0	16211.6259766	502298.219982	0.122504815335	174355.424298	0.00368427047028	2.27064596639	154980.812684	115689.80713
1700000.0	16312.042077	528210.760509	0.123018551259	174370.165157	0.00384005917067	2.26989529861	154745.564731	115391.167198
1725000.0	16412.6169935	555215.563139	0.123536785128	174379.078219	0.00400101275913	2.26892231644	154480.240257	115071.461601
1750000.0	16513.3600626	583349.622255	0.12405497136	174370.980793	0.0041675473661	2.26777409257	154179.082634	114726.001496
1775000.0	16614.2828457	612652.054918	0.124574706199	174348.181997	0.00433974239989	2.26653457144	153856.642826	114365.937479
1800000.0	16715.3889678	643159.027389	0.125103183847	174338.856778	0.00451699616594	2.26510905994	153530.899811	114005.930612
1825000.0	16816.6786137	674914.486627	0.125639837792	174341.543613	0.00469945855193	2.26346354147	153195.133051	113640.882964
1850000.0	16918.1512733	707946.715285	0.126183156517	174351.514075	0.0048873048378	2.26158346613	152841.261525	113264.430647
1875000.0	17019.809296	742292.069946	0.126731009541	174363.041531	0.00508079387944	2.25946593406	152462.666599	112871.45587
1900000.0	17121.6574305	777987.92477	0.127285464991	174372.076149	0.00528009933515	2.25713547832	152059.770383	112462.393271
1925000.0	17223.7065088	815093.448879	0.127845006254	174371.305416	0.00548564135593	2.25469307805	151637.123711	112040.140494
1950000.0	17325.9642242	853635.044953	0.128404371524	174353.159998	0.00569776769527	2.25227105036	151202.111263	111609.393696
1975000.0	17428.4371507	893658.945535	0.128967634958	174338.787777	0.00591596794448	2.24972151992	150759.712031	111174.952335
2000000.0	17531.1265656	935220.510642	0.129536393647	174334.291721	0.00614019100298	2.24694851452	150304.563786	110733.166171
2025000.0	17634.0297135	978338.446517	0.13011469896	174339.023459	0.00637037665413	2.24390647553	149832.283369	110281.235309
2050000.0	17737.1534121	1023083.40635	0.130702853547	174350.01551	0.00660681498002	2.24062827365	149341.800324	109818.122066
2075000.0	17840.4983171	1069471.38574	0.131297901957	174362.099933	0.00684970218826	2.2371863506	148833.95929	109343.780704
2100000.0	17944.0727605	1117568.92384	0.131896171227	174369.121905	0.00709950448049	2.23366239155	148310.862608	108859.153089
2125000.0	18047.882259	1167417.50389	0.132493583709	174364.07881	0.00735663866907	2.230148707	147777.012178	108367.131158
2150000.0	18151.9332912	1219057.85945	0.133091305853	174345.118062	0.00762125515601	2.22668394594	147237.133264	107871.179365
2175000.0	18256.2345725	1272566.43772	0.133696954523	174332.829689	0.00789270772444	2.22306498521	146689.047303	107371.01605
2200000.0	18360.7847522	1327971.86958	0.134311269518	174330.108066	0.00817089637985	2.21924260481	146129.517185	106864.460636
2225000.0	18465.5848598	1385317.78438	0.134932604833	174334.195586	0.00845602607605	2.21522761509	145556.766798	106350.070068
2250000.0	18570.6374905	1444655.1779	0.135560472854	174342.440302	0.00874830685341	2.21101323925	144968.208726	105826.063087
2275000.0	18675.9484165	1506045.90084	0.136197657249	174353.046548	0.0090478847002	2.20657960948	144360.73413	105290.193608
2300000.0	18781.5230501	1569539.85959	0.136841070214	174361.496376	0.00935509729915	2.20201953431	143740.075116	104746.268044
2325000.0	18887.366273	1635183.33867	0.137486205447	174362.43132	0.00967037008456	2.1974553835	143113.843591	104199.248013
2350000.0	18993.4840083	1703035.11956	0.138127438204	174349.778856	0.0099942489872	2.19302651645	142491.273827	103655.306046
2375000.0	19099.8811007	1773155.52878	0.138769925878	174332.771885	0.0103263646466	2.18860397053	141867.458554	103111.565447
2400000.0	19206.5601705	1845598.61606	0.139423501729	174325.263104	0.0106659597391	2.18394418148	141228.714479	102559.056637
2425000.0	19313.5237472	1920416.94557	0.140087012588	174325.46231	0.0110132176468	2.17908278061	140576.647147	101998.703495
2450000.0	19420.7747335	1997664.1403	0.140758626478	174330.976753	0.0113683746488	2.17406561034	139913.240178	101431.552083
2475000.0	19528.316317	2077395.12341	0.141436447538	174339.144306	0.0117317117646	2.16894013937	139239.994871	100858.210291
2500000.0	19636.1530233	2159665.67748	0.142123616109	174348.567028	0.0121033180442	2.16365277074	138549.88765	100273.530632
2525000.0	19744.2912761	2244534.87422	0.142817800826	174356.151682	0.0124835019862	2.15827636786	137848.719373	99681.6629909
2550000.0	19852.7393417	2332088.02606	0.143513214727	174357.47931	0.0128728383216	2.15295069108	137148.621232	99091.2414352
2575000.0	19961.4981667	2422364.66938	0.144202865287	174347.509064	0.0132718235524	2.14782142491	136462.565839	98511.5494827
2600000.0	20070.569336	2515428.57863	0.144888558626	174330.618258	0.0136803108933	2.14280855421	135787.111481	97940.6328586
2625000.0	20179.9551536	2611336.35199	0.145586891614	174321.219556	0.0140971490825	2.13750294046	135090.843485	97356.8624917
2650000.0	20289.6634051	2710176.22019	0.146298203367	174318.998383	0.0145224959905	2.13191834251	134374.328014	96760.5388088
2675000.0	20399.6977643	2812000.23729	0.147020995194	174322.501816	0.0149564938717	2.12611424318	133641.843479	96154.4320341
2700000.0	20510.0591181	2916836.20254	0.147753437962	174329.982972	0.015399263647	2.12015270453	132897.814437	95541.4590387
2725000.0	20620.7555626	3024781.28488	0.148493394176	174339.42609	0.0158511721597	2.1141024569	132147.189031	94924.8821327
2750000.0	20731.7911428	3135900.91622	0.149238067307	174348.425118	0.0163125449972	2.10804024116	131395.777859	94308.6342268
2775000.0	20843.1635984	3250207.54611	0.149984089068	174354.313135	0.016783594592	2.10204509417	130649.633756	93696.8002763
2800000.0	20954.8864456	3367875.36414	0.150727336245	174353.821896	0.0172651078096	2.09620838159	129916.22166	93094.6342981
2825000.0	21066.9492135	3488861.71676	0.151463172255	174343.707513	0.0177572378236	2.09061793738	129202.849729	92507.203326
2850000.0	21179.3620396	3613340.0924	0.152194146466	174329.132173	0.0182599761906	2.08519672095	128505.940482	91932.3097936
2875000.0	21292.115492	3741288.1379	0.152928499017	174319.51847	0.018772277402	2.0797417733	127810.996379	91360.035678
2900000.0	21405.2222028	3872871.51698	0.153677098062	174315.625323	0.0192941376746	2.07401503759	127094.276204	90773.8082882
2925000.0	21518.678375	4008043.37853	0.15444084114	174316.718783	0.019825285373	2.06800942059	126354.346741	90172.4982171
2950000.0	21632.5030333	4146996.39446	0.155217863317	174321.74124	0.0203662359538	2.06178092926	125596.402843	89559.7977189
2975000.0	21746.6917854	4289692.83809	0.156005116882	174329.164538	0.0209169391047	2.05540553056	124827.157704	88940.3002313
3000000.0	21861.2528183	4436235.7581	0.156799702166	174337.300971	0.0214777685043	2.04895556844	124052.808181	88318.2809432
3025000.0	21976.194423	4586744.06525	0.157598075268	174344.225863	0.0220491875864	2.04250909471	123280.24194	87698.5391627
3050000.0	22091.5116045	4741213.47193	0.158396212431	174347.796012	0.022631371147	2.03614932983	122516.559212	87085.9281442
3075000.0	22207.2078377	4899746.14885	0.159189717941	174345.587233	0.0232248471584	2.0299628531	121769.224077	86485.6329404
3100000.0	22323.2889017	5062494.15742	0.159973811027	174335.115099	0.0238303070217	2.02403636559	121045.756286	85902.8644507
3125000.0	22439.745107	5229453.44041	0.160754380553	174324.320496	0.0244467444438	2.01823704546	120337.880609	85332.0762919
3150000.0	22556.5754468	5400703.11034	0.161536719788	174317.594885	0.0250737285537	2.01245153374	119636.308995	84766.782432
3175000.0	22673.7831506	5576320.63488	0.162332213448	174315.116454	0.025710984566	2.00645271253	118917.919948	84190.7317185
3200000.0	22791.382105	5756457.1354	0.163141666007	174316.380743	0.0263587485167	2.00023768991	118181.714613	83603.1089754
3225000.0	22909.3725183	5941115.32442	0.163962532597	174320.635547	0.0270170064302	1.99386383182	117433.140627	83007.755997
3250000.0	23027.7593378	6130367.06304	0.164792195781	174326.850296	0.0276859511829	1.98739002486	116677.516194	82408.3513812
3275000.0	23146.546817	6324291.19215	0.165627728266	174333.948789	0.0283658285156	1.98087713161	115920.28823	81808.6720332
3300000.0	23265.7378419	6522968.11514	0.166465965153	174340.619429	0.0290569265788	1.97438776461	115167.175178	81212.7225101
3325000.0	23385.3338637	6726480.07612	0.167303262003	174345.387441	0.0297595944915	1.96798697144	114424.059066	80624.6307056
3350000.0	23505.3346875	6934911.38951	0.168135713796	174346.652572	0.0304742311166	1.96174144122	113696.914227	80048.5807252
3375000.0	23625.7384055	7148348.86662	0.168959149367	174342.559698	0.03120128048	1.95571941446	112991.834768	79488.8371076
3400000.0	23746.5413069	7366881.95693	0.169770423623	174332.28127	0.0319410944882	1.94996508392	112313.133763	78948.4940272
3425000.0	23867.7406503	7590596.52184	0.170584480627	174323.826867	0.0326923611433	1.94419193941	111637.152468	78411.2669576
3450000.0	23989.340653	7819570.21493	0.171410688775	174319.022936	0.0334546522431	1.93823199668	110947.691872	77865.7879053
3475000.0	24111.34667	8053879.55013	0.172247490592	174317.578197	0.0342280282566	1.93212344084	110248.0658	77314.2774762
3500000.0	24233.7629382	8293600.77148	0.173092883981	174319.031514	0.0350125910311	1.9259101239	109542.029721	76759.251547
3525000.0	24356.5925308	8538809.98852	0.173944614716	174322.841058	0.0358084662882	1.91963823856	108833.571994	76203.4008153
3550000.0	24479.8373098	8789583.44362	0.17480023842	174328.346955	0.0366158082241	1.91335545714	108126.867389	75649.5718689
3575000.0	24603.4977305	9045997.50375	0.175656984987	174334.802413	0.0374348172237	1.90710996798	107426.174354	75100.6921751
3600000.0	24727.5728486	9308128.91726	0.176511995187	174341.342053	0.0382657439087	1.90095004905	106735.807664	74559.7743866
3625000.0	24852.0602497	9576054.95909	0.177362012859	174346.984465	0.0391088220042	1.89492341374	106060.106086	74029.8273999
3650000.0	24976.9620809	9849944.53866	0.178203523784	174350.595336	0.0399646230962	1.88908107342	105403.745412	73514.2002891
3675000.0	25102.2715178	10129852.4566	0.179037870171	174350.841269	0.0408333364944	1.88338263183	104762.395665	73009.9148807
3700000.0	25227.9850278	10415814.3057	0.179871388	174346.265716	0.0417150418381	1.87771038619	104123.979516	72508.5922886
3725000.0	25354.103407	10707909.8425	0.180703297731	174337.035885	0.042609769904	1.87207507378	103489.72871	72011.0724455
3750000.0	25480.6282858	11006229.4742	0.181539747277	174329.671849	0.0435163017656	1.86637597579	102853.512251	71513.2776075
3775000.0	25607.5729596	11311039.8196	0.182380764295	174325.402988	0.0444347620733	1.86061558158	102216.110805	71015.7514506
3800000.0	25734.9245373	11622215.9821	0.183224505366	174323.945011	0.0453648511495	1.854829136	101580.483641	70520.4461448
3825000.0	25862.6815175	11939821.8191	0.184069065329	174324.990609	0.0463066319867	1.84905017055	100949.510578	70029.2892148
3850000.0	25990.8526363	12264105.8852	0.184912337158	174328.246039	0.0472605406136	1.84331600597	100326.497649	69544.531295
3875000.0	26119.4308821	12595086.5654	0.185751865769	174333.197965	0.0482266117522	1.83766491986	99714.6691851	69068.3493526
3900000.0	26248.4043466	12932713.9821	0.186585482676	174339.321861	0.0492047998555	1.83213059659	99116.8232614	68602.6257266
3925000.0	26377.782937	13277311.848	0.187415221028	174345.65879	0.0501957441501	1.82666103253	98527.9446118	68144.0217408
3950000.0	26507.5572564	13628820.1756	0.188244721244	174351.251196	0.051199336039	1.82118365987	97940.783812	67687.5688099
3975000.0	26637.7227709	13987243.4884	0.189073008957	174355.575643	0.0522155916466	1.8157238473	97357.1714685	67234.4174012
4000000.0	26768.2966491	14352987.9153	0.189898742228	174358.060516	0.0532452277993	1.81031109368	96779.3800526	66786.0470582
4025000.0	26899.2557861	14725745.2678	0.190720680619	174358.105756	0.0542877379293	1.80497034686	96209.1800699	66343.5553597
4050000.0	27030.6187839	15105979.6463	0.191537253677	174354.833049	0.0553440307212	1.79973629818	95649.2924487	65908.7471729
4075000.0	27162.3671548	15493483.5504	0.192347162924	174347.832932	0.0564137789623	1.79463075283	95101.3553599	65482.6588302
4100000.0	27294.5097149	15888570.2131	0.193152989898	174341.0751	0.0574964132949	1.78960605766	94563.0680866	65063.8555403
4125000.0	27427.034787	16291163.7866	0.193955857335	174337.17924	0.0585911046945	1.78463839231	94033.5114533	64651.816925
4150000.0	27559.9456216	16701493.2026	0.194754562936	174335.87351	0.0596981764414	1.77973994383	93513.8686043	64247.4015422
4175000.0	27693.2308021	17119484.8159	0.195550861502	174336.18794	0.0608175789175	1.77483715753	92997.7965466	63846.5220137
4200000.0	27826.8986396	17545440.8249	0.196345303613	174337.889679	0.0619497491564	1.76992128247	92484.2444714	63448.4420521
4225000.0	27960.9322906	17979133.0803	0.197137887766	174340.731313	0.0630942131532	1.7650057277	91973.8999552	63053.4863415
4250000.0	28095.351085	18421102.6148	0.197928421151	174344.604484	0.0642517612256	1.76010612016	91467.9030432	62662.3905098
4275000.0	28230.1299377	18870935.3095	0.198716612841	174349.20693	0.0654216798074	1.75523854301	90967.1022857	62275.5782261
4300000.0	28365.2867487	19329157.5992	0.199501807442	174354.268996	0.0666047318802	1.7504235588	90473.0067264	61894.0088415
4325000.0	28500.8073324	19795593.7592	0.200283477337	174359.499583	0.0678006140636	1.74567881352	89986.7971579	61518.39126
4350000.0	28636.686747	20270273.586	0.201060875776	174364.525162	0.0690093891941	1.74102359384	89509.7526635	61149.5091386
4375000.0	28772.9398611	20753702.9175	0.201832735144	174368.846227	0.070231825806	1.73648195548	89043.6889179	60788.5313018
4400000.0	28909.5434301	21245509.7466	0.202597308873	174371.531396	0.071467560223	1.73202213261	88586.5146545	60434.3676268
4425000.0	29046.4995951	21745925.9866	0.203354126813	174371.654787	0.0727171637021	1.72762732838	88136.7161869	60086.0959362
4450000.0	29183.8165713	22255337.1754	0.204103671334	174368.658676	0.0739812120435	1.7233075398	87694.6436424	59743.8070185
4475000.0	29321.4761545	22773452.1357	0.20484705651	174362.409058	0.075259223053	1.71906534722	87260.0029028	59407.1451644
4500000.0	29459.4770614	23300379.1099	0.205587749859	174356.17469	0.0765502138879	1.71485809494	86830.1992891	59074.3449928
4525000.0	29597.8354015	23836673.0893	0.206327824452	174351.966973	0.077854294763	1.71066679546	86404.2167737	58744.738827
4550000.0	29736.5340514	24382009.1527	0.207067604448	174349.702741	0.0791708051442	1.70650081895	85982.3727926	58418.3781201
4575000.0	29875.5713084	24936454.088	0.207807461799	174349.275666	0.0804997740637	1.70237073099	85565.2246755	58095.5482223
4600000.0	30014.9470618	25500112.3497	0.208547407243	174350.637344	0.0818412058342	1.69828812117	85153.4432938	57776.6081956
4625000.0	30154.6752718	26073506.1765	0.209283398971	174353.267448	0.0831959953641	1.69424752585	84747.4913045	57462.2399384
4650000.0	30294.736901	26656304.304	0.210013774377	174356.541866	0.0845637494326	1.69023717136	84346.6486303	57152.1165832
4675000.0	30435.1291679	27248609.6271	0.210739749367	174360.363456	0.0859445006917	1.68625551846	83950.4931498	56845.8838006
4700000.0	30575.8500012	27850525.0974	0.211462408918	174364.558095	0.0873383571836	1.68230425289	83558.7463239	56543.2619495
4725000.0	30716.898155	28462153.9902	0.212182662811	174368.928206	0.0887453607809	1.67838525814	83171.1932789	56244.0074187
4750000.0	30858.2837705	29083925.9141	0.212901629174	174373.314533	0.0901660149067	1.67450385609	82787.9347553	55948.1113417
4775000.0	30999.9961054	29715622.9485	0.213620159902	174377.478602	0.0915999585044	1.67066455959	82408.8506709	55655.3467752
4800000.0	31142.035334	30357330.3632	0.21433904704	174381.163213	0.0930472125396	1.66687468404	82034.1125706	55365.6976694
4825000.0	31284.402768	31009151.3491	0.215058614407	174384.063685	0.0945079423735	1.66314284669	81664.0699417	55079.3222437
4850000.0	31427.0984819	31671190.322	0.215773507092	174385.447044	0.0959825083736	1.65947654843	81300.1018706	54797.4463365
4875000.0	31570.1199483	32343553.8597	0.216481832085	174384.769216	0.0974711675905	1.65587631537	80942.4893454	54520.3801769
4900000.0	31713.4649191	33026349.3331	0.217184607518	174381.590415	0.098974120957	1.65234294502	80590.8926917	54247.7984983
4925000.0	31857.1318409	33719684.666	0.217882834036	174375.908074	0.100491349618	1.64887366429	80244.8009294	53979.2344276
4950000.0	32001.1205729	34423685.2015	0.218580541782	174370.612732	0.102021809031	1.6454249391	79901.6291421	53713.0266473
4975000.0	32145.4342804	35138547.0805	0.219280243041	174366.872433	0.103565143428	1.64197952822	79560.1109398	53448.2701433
5000000.0	32290.0698367	35864220.2414	0.21998320952	174364.605861	0.105121146535	1.63853702282	79219.8931142	53184.6196932
5025000.0	32435.0292729	36600797.2592	0.220690885549	174363.804234	0.106689806474	1.63509648127	78880.5864116	52921.723181
5050000.0	32580.3152599	37348370.1086	0.221402853359	174364.326525	0.108271116892	1.63166060001	78542.4943931	52659.808465
5075000.0	32725.9284718	38107030.9716	0.222113570371	174365.702382	0.10986540427	1.62823965818	78207.506284	52400.5095863
5100000.0	32871.8677994	38876872.4189	0.222823135266	174367.796029	0.111472717406	1.62483436276	77875.4398822	52143.6810578
5125000.0	33018.1327674	39657986.2119	0.223532533824	174370.489388	0.113093032849	1.62144529458	77545.7994761	51888.8586341
5150000.0	33164.7237014	40450463.2195	0.224243027629	174373.684109	0.114726363297	1.61807353301	77218.1046159	51635.5847954
5175000.0	33311.6416765	41254393.3269	0.224955743164	174377.235928	0.116372762238	1.61471903238	76891.8889832	51383.4479993
5200000.0	33458.8885183	42069865.2691	0.225671864602	174381.030802	0.118032210655	1.61138238521	76566.7064252	51132.0082636
5225000.0	33606.4668264	42896966.4091	0.226392563686	174384.965123	0.119704648792	1.60806361081	76242.1908789	50880.9057059
5250000.0	33754.3843447	43735938.4016	0.227119010438	174388.866458	0.121390265935	1.60476276267	75917.9402416	50629.756369
5275000.0	33902.6423495	44586795.5832	0.227848359217	174392.344037	0.12308913341	1.60148660087	75595.019848	50379.3972031
5300000.0	34051.240407	45449581.1971	0.228577447903	174395.009219	0.124801503468	1.59823988158	75274.407303	50130.6884183
5325000.0	34200.1789602	46324381.8269	0.229306639418	174396.689365	0.126527302894	1.5950231711	74956.1050998	49883.6031181
5350000.0	34349.4586257	47211282.8664	0.230036022605	174397.126652	0.128266651572	1.59183645501	74640.0904197	49638.1486607
5375000.0	34499.080173	48110368.4449	0.230765956857	174396.122954	0.130019575964	1.58868123275	74326.3927326	49394.3225155
5400000.0	34649.0445535	49021721.4246	0.231496574227	174393.437026	0.131786166677	1.58555879015	74015.0289919	49152.1464906
5425000.0	34799.3529364	49945423.49	0.232228289492	174388.929275	0.133566428756	1.58247013268	73705.9843833	48911.5932703
5450000.0	34950.0069796	50881552.0403	0.232964187298	174384.306055	0.135359528533	1.57939297589	73397.7313278	48671.6373481
5475000.0	35101.0167275	51830431.8151	0.233706537159	174380.936473	0.137165079352	1.57631053777	73089.1745707	48431.5512453
5500000.0	35252.3874657	52792238.1717	0.234452790047	174378.545248	0.138983287304	1.57322738908	72780.9606632	48191.8449541
5525000.0	35404.1121315	53766730.3966	0.235202725887	174377.078598	0.140813866029	1.57014418048	72473.1192167	47952.5367658
5550000.0	35556.192324	54753972.4085	0.235956809014	174376.46576	0.142656694499	1.56705978312	72165.530511	47713.5372435
5575000.0	35708.6298535	55754025.6657	0.236715270312	174376.651622	0.144511699316	1.56397405945	71858.1167999	47474.7794988
5600000.0	35861.4266607	56766948.5311	0.237478667289	174377.575637	0.146378839533	1.56088676447	71550.7546497	47236.1596125
5625000.0	36014.6056897	57793536.7483	0.238247747345	174379.213206	0.148258617975	1.5577972738	71243.332639	46997.5779427
5650000.0	36168.154077	58833292.0533	0.239022850499	174381.470034	0.150150524143	1.55470549788	70935.7231237	46758.9306798
5675000.0	36322.071248	59886146.6476	0.239804196624	174384.215714	0.152054332976	1.55161286579	70627.866525	46520.1279912
5700000.0	36476.3597908	60952149.7221	0.240590852632	174387.188742	0.153970241813	1.5485222908	70319.9571768	46281.3191988
5725000.0	36631.0345905	62031797.8507	0.24138223606	174390.297315	0.155898607225	1.54543572683	70012.2262489	46042.6799911
5750000.0	36786.1045974	63125384.8125	0.242178198473	174393.38627	0.157839618757	1.54235432884	69704.9174587	45804.416113
5775000.0	36941.5538855	64232334.8515	0.242978109871	174396.422507	0.159792658684	1.53927842272	69398.1685483	45566.6446893
5800000.0	37097.3837806	65352687.6649	0.243781787028	174399.29832	0.16175761238	1.53620910981	69092.146831	45329.4857572
5825000.0	37253.6176735	66487261.0444	0.244589196322	174401.885517	0.163735187604	1.53314686686	68787.0136148	45093.0935939
5850000.0	37410.2518738	67635923.0563	0.245400147472	174404.094181	0.16572506122	1.5300935049	68482.95655	44857.5856102
5875000.0	37567.2722788	68798178.5282	0.246214444403	174405.750098	0.167726892549	1.52704872159	68179.9154251	44622.9246874
5900000.0	37724.6875032	69974320.5366	0.247032371763	174406.574214	0.169740908482	1.52401147453	67877.6102991	44388.8676517
5925000.0	37882.5285899	71165430.9723	0.247853442463	174406.264518	0.171768236696	1.52098655608	67576.3498669	44155.6441709
5950000.0	38040.7612781	72370313.0144	0.248676601935	174404.840702	0.173807544779	1.5179766373	67276.415069	43923.4377385
5975000.0	38199.3878809	73589072.44	0.249500939755	174402.153768	0.175858944782	1.51498606649	66978.1499758	43692.5027547
6000000.0	38358.4533943	74823345.0554	0.250325748314	174398.006951	0.177923738115	1.51202087094	66682.1199224	43463.2588794
6025000.0	38517.911718	76071546.752	0.251153032145	174393.751419	0.179999720215	1.5090654254	66387.184859	43234.8992568
6050000.0	38677.7709668	77333968.9466	0.251984576218	174390.370987	0.182086496895	1.50610887793	66092.6397237	43006.9687039
6075000.0	38838.0716926	78612043.7676	0.252821113244	174387.956145	0.184184991265	1.50315139767	65798.3777461	42779.3586766
6100000.0	38998.7694554	79904158.9188	0.253663790013	174386.188074	0.186294122092	1.50018724164	65503.6461368	42551.4873774
6125000.0	39159.8915365	81211224.8	0.254512518935	174385.065661	0.188414464235	1.49721697686	65208.5440172	42323.4391957
6150000.0	39321.450629	82533643.8203	0.255366722709	174384.581532	0.190546119131	1.49424282149	64913.3882173	42095.4741086
6175000.0	39483.4124602	83870188.6312	0.256225216842	174384.649905	0.192688069229	1.49126689132	64618.4528559	41867.8095344
6200000.0	39645.8345618	85222866.3998	0.257087895576	174385.299034	0.194841602462	1.48829073	64324.0764057	41640.7509893
6225000.0	39808.672127	86590110.3957	0.257953654718	174386.445701	0.197005427915	1.48531654959	64030.5124933	41414.4836055
6250000.0	39971.9422793	87972540.1685	0.258821908472	174388.08671	0.199179873907	1.4823466066	63738.0426648	41189.2357694
6275000.0	40135.6618716	89370771.3934	0.259693718112	174390.045419	0.201365415659	1.47937784489	63446.3355615	40964.7789283
6300000.0	40299.7904867	90783363.8686	0.260570048988	174392.162327	0.203561090642	1.47640706604	63154.7070917	40740.5298022
6325000.0	40464.4015316	92212863.5955	0.261450948485	174394.398627	0.205768605333	1.47343533488	62863.4736466	40516.7715607
6350000.0	40629.4210319	93656666.2208	0.26233498892	174396.682695	0.207985972335	1.47046581007	62572.9178718	40293.6750374
6375000.0	40794.9144898	95117072.8698	0.263221679473	174399.077187	0.210214638931	1.46750119753	62283.5430239	40071.6591438
6400000.0	40960.8347885	96592459.794	0.264109823757	174401.501759	0.212453402065	1.46454515329	61995.6148229	39850.881828
6425000.0	41127.2158475	98084064.7727	0.264998658874	174403.934395	0.214702905535	1.46160106696	61709.5936675	39631.7035607
6450000.0	41294.0384163	99591276.5191	0.265887525408	174406.318764	0.216962679533	1.45867113342	61425.6699378	39414.2604244
6475000.0	41461.3120627	101114484.093	0.266778031679	174408.403328	0.219233098211	1.45574996327	61143.1179905	39197.998938
6500000.0	41629.0380886	102653749.657	0.267670626025	174410.066596	0.22151431209	1.45283708436	60861.7491993	38982.7748679
6525000.0	41797.2128977	104208968.995	0.268564285114	174411.236767	0.223806058573	1.44993539259	60581.8391433	38768.7852475
6550000.0	41965.845275	105780506.131	0.269458113093	174411.868122	0.226108328365	1.4470495876	60303.8273673	38556.3340613
6575000.0	42134.9272003	107368141.558	0.270350929713	174411.873112	0.228420884098	1.44418396656	60028.00136	38345.6001615
6600000.0	42304.4634896	108972147.403	0.271241777867	174411.193879	0.230743881077	1.44134278831	59754.744355	38136.86576
6625000.0	42474.4530347	110592597.507	0.272129651542	174409.732878	0.233077073553	1.43853026446	59484.4234737	37930.3653971
6650000.0	42644.8855335	112229248.647	0.27301500429	174407.317727	0.235420510953	1.43574478475	59216.6815426	37725.8199857
6675000.0	42815.7805309	113882908.675	0.273899446059	174403.803058	0.237774797089	1.43298261322	58950.9633283	37522.793572
6700000.0	42987.1036025	115552366.908	0.27478480521	174400.259297	0.240138450819	1.43023018811	58686.4373909	37320.7448892
6725000.0	43158.9079544	117239624.83	0.275671713095	174397.264304	0.242512142341	1.42748296108	58423.0802332	37119.7356837
6750000.0	43331.1208828	118942033.978	0.276559179168	174394.791352	0.244894227545	1.4247402961	58160.9249182	36919.7966558
6775000.0	43503.8384787	120663233.496	0.277446558621	174392.995346	0.247286542613	1.4220041129	57900.5359715	36721.4251188
6800000.0	43676.9665264	122399790.547	0.278333121483	174391.796394	0.249687049741	1.41927366806	57641.8736568	36524.5902196
6825000.0	43850.5684136	124154178.431	0.279218434763	174391.207516	0.252097084639	1.41654923435	57385.1541168	36329.5015103
6850000.0	44024.6113654	125925235.302	0.280104224622	174390.972787	0.254516289006	1.41382607148	57129.6545092	36135.5915057
6875000.0	44199.0918613	127712876.539	0.280990310099	174391.060654	0.256944496884	1.41110660827	56875.4443723	35942.8721529
6900000.0	44374.0526518	129518785.086	0.281876069727	174391.528427	0.259382391304	1.40839404417	56622.8681342	35751.6021415
6925000.0	44549.4271021	131340495.375	0.282761095544	174392.258589	0.261828556645	1.40569067015	56371.9388857	35561.7417046
6950000.0	44725.2863491	133180824.18	0.283644402082	174393.360452	0.264284153926	1.40300273959	56123.189328	35373.652267
6975000.0	44901.5791672	135037910.769	0.284525541675	174394.788035	0.266748137654	1.40033223497	55876.6778652	35187.3524876
7000000.0	45078.3008439	136911689.609	0.285404029822	174396.473891	0.269220394267	1.3976825036	55632.5269504	35002.8915992
7025000.0	45255.5077143	138804477.669	0.286280502125	174398.25468	0.271702410928	1.39505391985	55390.5748968	34820.1521066
7050000.0	45433.1272784	140713520.976	0.287155405269	174400.049279	0.274192857353	1.39244208921	55150.4400267	34638.8597485
7075000.0	45611.1995592	142640499.917	0.288027738537	174401.887282	0.276692371788	1.38984852787	54912.4260566	34459.2614437
7100000.0	45789.7300032	144585756.043	0.288896924046	174403.76382	0.279200932802	1.3872718523	54676.6946779	34281.5281777
7125000.0	45968.671583	146547537.824	0.289762696888	174405.694357	0.281717544768	1.38471017496	54443.1576716	34105.5957256
7150000.0	46148.0745058	148528025.618	0.290623971275	174407.643007	0.284242993081	1.3821636156	54212.2303187	33931.8415601
7175000.0	46327.9170223	150526508.711	0.291480626376	174409.645475	0.286777032924	1.37963011245	53983.8694909	33760.2678994
7200000.0	46508.1661488	152541781.235	0.292333504159	174411.439525	0.289319309958	1.37710737651	53757.6914073	33590.5672318
7225000.0	46688.8708023	154576015.677	0.293182103684	174412.943738	0.291870938218	1.37459801842	53533.9012653	33422.9025228
7250000.0	46870.0093997	156628471.641	0.294026254837	174414.177658	0.294431446673	1.37210499636	53312.5484166	33257.2660095
7275000.0	47051.5506948	158697986.162	0.294865752758	174415.157297	0.296999898611	1.36962979395	53093.5781031	33093.5620971
7300000.0	47233.527972	160786155.429	0.29569979421	174415.807468	0.299577077345	1.36717757876	52877.2910744	32931.9961031
7325000.0	47415.9442754	162893316.553	0.296527824673	174416.155077	0.302162704651	1.36475292456	52663.8964377	32772.6559949
7350000.0	47598.7562645	165017793.825	0.297349966589	174416.114975	0.304756144849	1.36235532732	52453.1600652	32615.3470748
7375000.0	47781.9690752	167159996.492	0.298166483153	174415.54849	0.307357832123	1.35998220866	52244.942984	32460.0032183
7400000.0	47965.6369992	169322560.363	0.298976162666	174414.210654	0.309968955227	1.35763843503	52039.6949703	32306.9429995
7425000.0	48149.6932498	171502700.973	0.299780045629	174412.263689	0.312588258439	1.35531797512	51836.9507363	32155.8471214
7450000.0	48334.135622	173700504.499	0.300577742586	174409.664523	0.315215572967	1.3530205206	51636.7693602	32006.7646805
7475000.0	48518.9953806	175917630.891	0.301369127825	174406.601826	0.317851529726	1.3507455116	51439.3068739	31859.8559481
7500000.0	48704.2687866	178154120.589	0.302155407149	174403.939863	0.320495460639	1.34848505203	51244.1475113	31714.8592866
7525000.0	48889.9209183	180408521.537	0.302936919654	174401.659049	0.323147007365	1.34623705616	51051.0607558	31571.624169
7550000.0	49075.9500517	182680917.865	0.303713481046	174399.666931	0.325806359996	1.3440018883	50860.0659181	31430.1838802
7575000.0	49262.3931477	184973280.241	0.304484701782	174397.985938	0.328474262154	1.34178198809	50671.3157219	31290.6237699
7600000.0	49449.2314937	187284910.5	0.305250254331	174396.612665	0.331150063294	1.33957686533	50484.7767875	31152.8944109
7625000.0	49636.439772	189614778.152	0.306010441232	174395.581764	0.333833060201	1.33738665301	50300.3538408	31016.8760626
7650000.0	49824.0154684	191962961.787	0.306765011578	174394.9013	0.336523012946	1.33521143155	50118.0626319	30882.5624633
7675000.0	50011.9783314	194330686.313	0.30751320447	174394.654416	0.339220056945	1.33305264265	49938.1046407	30750.0915824
7700000.0	50200.3356361	196718589.471	0.308254482211	174394.70721	0.341924809338	1.33091165156	49760.6096666	30619.5640227
7725000.0	50389.0502722	199125031.275	0.30898909903	174394.941096	0.344636837792	1.32878637676	49585.3774484	30490.8595494
7750000.0	50578.1193227	201550091.654	0.30971722138	174395.374201	0.347356087916	1.32667692121	49412.364282	30363.9518239
7775000.0	50767.539857	203993850.164	0.310438801333	174395.989779	0.350082634631	1.32458403265	49241.5522009	30238.8318506
7800000.0	50957.3444267	206458321.102	0.31115349163	174396.840518	0.352817105275	1.32250982519	49073.1357725	30115.6618801
7825000.0	51147.5074956	208942395.657	0.311861604808	174397.938693	0.355558996003	1.32045411322	48906.940532	29994.2890246
7850000.0	51338.0121183	211445388.618	0.312563251699	174399.240396	0.358308143235	1.31841715552	48742.9368016	29874.6920268
7875000.0	51528.8553012	213967379.732	0.313257939533	174400.601182	0.361064872453	1.31639950884	48581.1997893	29756.9293331
7900000.0	51720.0338751	216508449.856	0.313945385651	174401.9784	0.363829193665	1.3144015004	48421.7575519	29641.0071182
7925000.0	51911.5623723	219069718.378	0.314625365406	174403.39956	0.366601409879	1.31242494625	48264.7313278	29526.993463
7950000.0	52103.4435261	221651662.587	0.315297586938	174404.889895	0.369381364926	1.31047113632	48110.1361996	29414.861412
7975000.0	52295.6487754	224252900.22	0.315962870497	174406.461969	0.372168243415	1.30853856601	47957.7681191	29304.4328821
8000000.0	52488.1746546	226873505.704	0.316621186132	174408.092492	0.374961955433	1.30662835099	47807.6356655	29195.6932075
8025000.0	52681.0176976	229513552.867	0.317272350865	174409.709599	0.37776273448	1.30474134425	47659.7702064	29088.6806481
8050000.0	52874.174374	232173117.861	0.317916145743	174411.21335	0.380570764145	1.30287876526	47514.2226744	28983.4319824
8075000.0	53067.648203	234852731.643	0.318552058793	174412.569715	0.383386225	1.30103962532	47371.0336664	28880.0005958
8100000.0	53261.4549554	237553766.782	0.319179386418	174413.826711	0.386209569927	1.29922247254	47230.3165083	28778.5226095
8125000.0	53455.56254	240274519.747	0.319798340551	174414.977577	0.389040099887	1.29742353512	47091.8918922	28678.8893728
8150000.0	53649.9666985	243015064.605	0.320408691889	174416.043444	0.391877753366	1.29564061496	46955.7296162	28581.1043003
8175000.0	53844.6629632	245775475.204	0.321010083161	174417.020935	0.394722575725	1.29387325545	46821.8906497	28485.2247188
8200000.0	54039.6468209	248555827.26	0.321602154324	174417.734252	0.397575082649	1.29212254273	46690.3821975	28391.2586298
8225000.0	54234.9137747	251356197.24	0.322184953033	174418.145887	0.400435268756	1.2903902947	46561.2214135	28299.1891701
8250000.0	54430.4591209	254176661.008	0.322758177196	174418.303596	0.403302902039	1.28867637463	46434.4510832	28209.0594534
8275000.0	54626.2885358	257018098.688	0.323321231999	174418.132321	0.406178257796	1.28698297933	46310.2005934	28120.9593496
8300000.0	54822.3988667	259880777.948	0.323874031586	174417.652084	0.409061157372	1.28531081994	46188.5061625	28034.9042998
8325000.0	55018.7708414	262763733.422	0.324416536208	174416.877044	0.41195124138	1.28366030358	46069.3540766	27950.8754139
8350000.0	55215.3985799	265667035.875	0.324947181772	174415.66925	0.414848738701	1.28203200451	45952.9603553	27869.0727793
8375000.0	55412.2754976	268590758.951	0.325465335644	174413.97213	0.417754050921	1.28042607863	45839.3719278	27789.541003
8400000.0	55609.3956973	271534976.503	0.325973241169	174411.764446	0.420667054467	1.2788421581	45728.2767392	27711.9801133
8425000.0	55806.7544236	274499760.59	0.326473077905	174409.296563	0.423587380435	1.27727750656	45619.3310722	27636.1104251
8450000.0	56004.3482311	277485179.786	0.326967380522	174407.000293	0.426514617913	1.2757289052	45512.0682563	27561.538781
8475000.0	56202.1749267	280491300.203	0.327458433736	174405.034013	0.429448490651	1.27419483368	45406.1573243	27487.9735607
8500000.0	56400.2331666	283518185.39	0.32794703892	174403.370171	0.432389071458	1.272675538	45301.7272386	27415.5542776
8525000.0	56598.5214483	286565901.471	0.328431292272	174401.912031	0.435336705967	1.27117297766	45199.1718007	27344.6365672
8550000.0	56797.0374537	289634513.98	0.328910277019	174400.688094	0.438291292829	1.26968633977	45098.3835516	27275.1180153
8575000.0	56995.7895381	292725163.7	0.329382639705	174399.664425	0.441253240103	1.268217322	44999.2013089	27206.7869271
8600000.0	57194.7625997	295836859.732	0.329847690889	174398.899572	0.444222188512	1.26676450404	44901.2932968	27139.330647
8625000.0	57393.9516075	298969590.987	0.330304349502	174398.351724	0.447197967633	1.26532736979	44804.3917852	27072.479125
8650000.0	57593.35165	302123419.055	0.330751706431	174398.004535	0.450180763757	1.26390648244	44708.3540794	27006.0713725
8675000.0	57792.9575974	305298407.123	0.331189375616	174397.819571	0.45317089518	1.26250295517	44613.227313	26940.1413103
8700000.0	57992.7644249	308494619.315	0.331618161331	174397.736901	0.456168409042	1.26111681782	44519.2114252	26874.9031376
8725000.0	58192.7675905	311712118.049	0.332038776588	174397.812175	0.459173132022	1.25974721189	44426.5239591	26810.5992458
8750000.0	58392.9630439	314950964.51	0.332452254816	174398.05284	0.462184926552	1.25839381856	44335.3586207	26747.434631
8775000.0	58593.34713	318211217.735	0.332859388832	174398.478874	0.465203610958	1.25705642075	44245.9446894	26685.6440735
8800000.0	58793.9167038	321492935.167	0.333260998497	174399.090979	0.468229091075	1.25573503354	44158.4173776	26625.3654381
8825000.0	58994.6689325	324796174.377	0.333657241089	174399.840911	0.471261646693	1.25443094724	44072.7446776	26566.5369303
8850000.0	59195.600803	328120993.872	0.334047322202	174400.659579	0.47430150008	1.2531446557	43988.8151897	26509.0341664
8875000.0	59396.7087885	331467451.507	0.334430173005	174401.561173	0.477348452116	1.25187492898	43906.6086467	26452.8585686
8900000.0	59597.988753	334835603.171	0.334804994343	174402.572314	0.480402372754	1.25062063535	43826.1126538	26398.0192891
8925000.0	59799.4359066	338225503.042	0.335170998672	174403.703643	0.483463140217	1.24938071566	43747.3122881	26344.526078
8950000.0	60001.0449719	341637203.77	0.335527187524	174404.966285	0.48653066091	1.24815429662	43670.2301516	26292.4241546
8975000.0	60202.8101035	345070757.57	0.335872713948	174406.303255	0.489605166373	1.24694238813	43594.9879916	26241.8162338
9000000.0	60404.7252093	348526218.573	0.33620735427	174407.622581	0.492687173942	1.24574668408	43521.6875204	26192.7756305
9025000.0	60606.784416	352003642.254	0.336531482333	174408.901152	0.495776725066	1.24456732005	43450.2874099	26145.2614878
9050000.0	60808.9820817	355503082.931	0.336845639111	174410.151294	0.498873666246	1.24340395859	43380.722196	26099.2118841
9075000.0	61011.3128223	359024593.166	0.337150297178	174411.367084	0.501978099989	1.24225650033	43312.9386872	26054.5796337
9100000.0	61213.7715099	362568224.314	0.33744591612	174412.554952	0.505089880133	1.24112503904	43246.8766125	26011.3006286
9125000.0	61416.3533203	366134027.064	0.337733060725	174413.715184	0.508208946422	1.24000926072	43182.4779881	25969.3238634
9150000.0	61619.05437	369722062.794	0.338012128954	174414.7883	0.511337483448	1.23890952479	43119.6294725	25928.5980045
9175000.0	61821.8704126	373332380.276	0.338283696997	174415.812036	0.51447414204	1.23782556946	43058.291977	25889.0457943
9200000.0	62024.7969595	376965017.133	0.338548456754	174416.89013	0.517614838066	1.23675621481	42998.5061812	25850.5993532
9225000.0	62227.8310147	380620031.731	0.338806697697	174417.926728	0.520762674602	1.23570208862	42940.1437606	25813.2185696
9250000.0	62430.9679381	384297445.019	0.339058962236	174418.942933	0.52391740566	1.23466297748	42883.1555533	25776.8540256
9275000.0	62634.2040775	387997293.944	0.339304880935	174419.865465	0.527079463715	1.23364011381	42827.5997841	25741.5442599
9300000.0	62837.536136	391719631.993	0.339542715632	174420.582051	0.530249391717	1.2326359377	42773.7537863	25707.5221112
9325000.0	63040.9597198	395464504.731	0.339772406533	174421.047488	0.533427198927	1.23165023536	42721.6170376	25674.7875541
9350000.0	63244.4704974	399231958.034	0.339993957472	174421.292283	0.536613013415	1.23068247566	42671.1527243	25643.3225799
9375000.0	63448.0643369	403022034.576	0.340207721611	174421.316408	0.539806574467	1.22973129537	42622.2641181	25613.0508751
9400000.0	63651.7392921	406835426.202	0.340413752492	174421.05199	0.543008077633	1.22879663564	42574.9248256	25583.950499
9425000.0	63855.4919882	410672484.834	0.340612186458	174420.543242	0.546217811435	1.22787800477	42529.1083719	25556.0052618
9450000.0	64059.3155965	414532402.583	0.340803704869	174419.801604	0.549434955903	1.22697363931	42484.6646362	25529.0928312
9475000.0	64263.2064434	418415218.134	0.340988305062	174418.781973	0.552659744654	1.22608297497	42441.5426943	25503.1883549
9500000.0	64467.1608555	422320967.929	0.341166525119	174417.525462	0.555891972435	1.22520540503	42399.668107	25478.2192244
9525000.0	64671.1753309	426249685.604	0.341338606533	174416.005023	0.559131456185	1.22433936222	42358.9474356	25454.1307627
9550000.0	64875.2465187	430201403.805	0.341504627524	174414.258	0.562378131012	1.22348397049	42319.3238106	25430.8848581
9575000.0	65079.3710591	434176152.2	0.341664449865	174412.509755	0.565631940697	1.22263933377	42280.8613257	25408.5370611
9600000.0	65283.5452091	438173960.486	0.341817158321	174410.881087	0.568893204241	1.221806554	42243.7511572	25387.2580249
9625000.0	65487.7649073	442194859.695	0.341962035571	174409.353748	0.572162281304	1.22098644366	42208.1037609	25367.1475837
9650000.0	65692.0260842	446238879.808	0.342099438484	174407.949199	0.575439044432	1.22017880029	42173.8480503	25348.136305
9675000.0	65896.3247081	450306048.74	0.3422296434	174406.66035	0.57872333716	1.21938374632	42140.9319626	25330.1673961
9700000.0	66100.656993	454396392.441	0.342352970177	174405.495443	0.58201539455	1.21860104018	42109.2619709	25313.162128
9725000.0	66305.0215603	458511903.07	0.342469165133	174404.494056	0.585315538961	1.21783136241	42078.8834611	25297.141312
9750000.0	66509.4130581	462651672.082	0.342578888087	174403.668453	0.588623525199	1.21707372554	42049.6453022	25281.9807283
9775000.0	66713.8270657	466814829.336	0.342682639456	174402.992499	0.591938857913	1.21632746576	42021.4479175	25267.5906232
9800000.0	66918.2604128	471001395.42	0.342780700211	174402.50072	0.595261630625	1.21559245638	41994.203646	25253.8921474
9825000.0	67122.7100792	475211388.801	0.342873406933	174402.182696	0.598591756311	1.21486860274	41967.8546369	25240.8274298
9850000.0	67327.1732171	479444826.253	0.342961019297	174402.050781	0.60192901259	1.2141552959	41942.3333315	25228.3379365
9875000.0	67531.6471058	483701722.462	0.343043488646	174402.112284	0.605273493071	1.21345258601	41917.6205219	25216.4056851
9900000.0	67736.1289449	487982091.077	0.34312027813	174402.309879	0.608625688733	1.21276172173	41893.8058653	25205.10092
9925000.0	67940.6155404	492285947.933	0.343190449684	174402.529244	0.611985852271	1.21208351277	41871.0477778	25194.5651423
9950000.0	68145.1033812	496615975.479	0.343253622824	174402.849874	0.615355110531	1.21141955463	41849.4657434	25184.8847656
9975000.0	68349.5884284	500970934.998	0.343310366772	174403.21755	0.618732693932	1.21076843719	41828.9658654	25175.9901634
10000000.0	68554.06751	505349591.403	0.343361160452	174403.653488	0.622118215628	1.21012940878	41809.4811615	25167.8314009
10025000.0	68758.5377048	509751956.003	0.343406178575	174404.185654	0.62551145735	1.20950232877	41791.0089299	25160.4018862
10050000.0	68962.9961242	514178036.642	0.343445685172	174404.813716	0.628912347236	1.20888704339	41773.5355215	25153.6896332
10075000.0	69167.4399783	518627838.782	0.343479900276	174405.525293	0.632320880456	1.20828313943	41757.0386673	25147.6831583
10100000.0	69371.8666307	523101366.102	0.343508967798	174406.323234	0.635736980054	1.20769001962	41741.4944871	25142.3720021
10125000.0	69576.272502	527599700.577	0.343532995723	174407.264321	0.639160757263	1.20710820416	41726.9252296	25137.759368
10150000.0	69780.6516613	532125639.442	0.343551535022	174408.312397	0.642593014062	1.20653830984	41713.4276694	25133.9285863
10175000.0	69985.0047929	536675483.456	0.343565550962	174409.47654	0.64603244364	1.20597825609	41700.8309921	25130.7549046
10200000.0	70189.3294047	541249230.414	0.343574205655	174410.686714	0.649479604252	1.20542909677	41689.2443449	25128.3307946
10225000.0	70393.6227401	545846878.271	0.343577067414	174411.900768	0.652934718312	1.20489145993	41678.7090562	25126.6871445
10250000.0	70597.8820035	550468423.999	0.343574164818	174413.105389	0.656397841855	1.2043653231	41669.2078588	25125.8093551
10275000.0	70802.1045494	555113862.48	0.343565865589	174414.304585	0.65986902572	1.20385010443	41660.6912907	25125.6635375
10300000.0	71006.2808565	559787128.053	0.343551526136	174415.470866	0.663349399806	1.20334747726	41653.2819289	25126.3349164
10325000.0	71210.4108712	564486283.341	0.343532074436	174416.651165	0.666838339944	1.20285593478	41646.8249544	25127.7041398
10350000.0	71414.4954576	569209509.348	0.343508192804	174417.796684	0.670335092414	1.20237434471	41641.2066058	25129.6840791
10375000.0	71618.5326978	573956794.728	0.343480147406	174418.92213	0.673839767852	1.20190261982	41636.3909794	25132.2437069
10400000.0	71822.5208219	578728125.386	0.343448191618	174420.039049	0.677352351812	1.20144056564	41632.3376619	25135.3479824
10425000.0	72026.4581767	583523483.917	0.343412575903	174421.137878	0.680872616896	1.20098779835	41629.0004654	25138.9575846
10450000.0	72230.3317436	588347893.926	0.343372964714	174422.232928	0.68440218217	1.2005459882	41626.4899887	25143.1469039
10475000.0	72434.1466916	593198088.487	0.343330148605	174423.324659	0.687939893361	1.20011376851	41624.6351753	25147.7766621
10500000.0	72637.9050759	598072470.194	0.343283554291	174424.376387	0.691485547368	1.19969192192	41623.5273408	25152.9234951
10525000.0	72841.605162	602971017.671	0.343232617183	174425.343639	0.695039424499	1.1992811052	41623.2333763	25158.645087
10550000.0	73045.2451262	607893707.989	0.343177075061	174426.19155	0.698601686806	1.19888145794	41623.7744966	25164.9623376
10575000.0	73248.8174417	612842676.788	0.343116865523	174426.904467	0.702172951171	1.19849339579	41625.1856533	25171.8947073
10600000.0	73452.3109052	617821154.2	0.343052023705	174427.504673	0.705754192456	1.19811720697	41627.4944201	25179.4598421
10625000.0	73655.7375652	622823935.715	0.342983734147	174427.985913	0.709343748402	1.19775018723	41630.473541	25187.492546
10650000.0	73859.0962091	627850990.002	0.342912292862	174428.346797	0.71294142528	1.19739195573	41634.0911593	25195.9637285
10675000.0	74062.3857746	632902282.744	0.342838013207	174428.582579	0.716547092196	1.19704211304	41638.3125726	25204.8434808
10700000.0	74265.6011039	637979222.478	0.342761114016	174428.670413	0.720161239899	1.19670064551	41643.1239497	25214.1173192
10725000.0	74468.7249594	643087250.584	0.342681494937	174428.609272	0.723785443552	1.19636828384	41648.5691118	25223.8098698
10750000.0	74671.7761373	648219657.159	0.342600132717	174428.392112	0.727417401496	1.1960425724	41654.4723325	25233.797602
10775000.0	74874.7543026	653376398.929	0.342517363669	174428.026545	0.731057070698	1.19572322533	41660.7907041	25244.0430374
10800000.0	75077.6591265	658557429.666	0.342433097521	174427.506399	0.73470451876	1.19541048548	41667.5381913	25254.5558426
10825000.0	75280.4806781	663765809.016	0.342346073777	174426.765701	0.738361068642	1.19510667609	41674.9165337	25265.4895555
10850000.0	75483.2080036	669004495.211	0.342255328232	174425.697087	0.742027986797	1.19481357654	41683.0715548	25276.9526304
10875000.0	75685.8582077	674267600.916	0.342162152066	174424.385628	0.745703191569	1.19452908605	41691.8034886	25288.7938723
10900000.0	75888.430754	679555074.824	0.342066729477	174422.856875	0.749386569509	1.19425285576	41701.0782377	25300.988487
10925000.0	76090.9251615	684866862.099	0.3419691536	174421.163555	0.753077983492	1.19398445101	41710.8686732	25313.5199983
10950000.0	76293.3165109	690210285.654	0.341868655265	174419.59904	0.756779502207	1.19372529911	41721.3352678	25326.5090252
10975000.0	76495.6187609	695580662.603	0.341765996069	174418.157601	0.760489655839	1.19347397955	41732.3575919	25339.8740181
11000000.0	76697.8396269	700975460.377	0.34166162412	174416.840533	0.764207470995	1.19322940535	41743.8341233	25353.5362796
11025000.0	76899.9788196	706394612.513	0.341555728881	174415.650717	0.767932871944	1.1929911494	41755.7273039	25367.4687211
11050000.0	77102.023565	711841728.525	0.341448317131	174414.60013	0.771667027539	1.19275939072	41768.0546262	25381.6891622
11075000.0	77303.9617994	717320189.729	0.341339634602	174413.736934	0.775410743904	1.19253527136	41780.8379014	25396.1891641
11100000.0	77505.8167073	722823093.954	0.341229876363	174413.018171	0.779161934296	1.19231704899	41793.9799126	25410.9155017
11125000.0	77707.5880554	728350365.811	0.341118434749	174412.413903	0.782920710407	1.19210541537	41807.5660364	25425.9382991
11150000.0	77909.2708626	733903258.646	0.341004303173	174411.884955	0.786687665343	1.19190182166	41821.7517437	25441.3798537
11175000.0	78110.8326795	739490554.829	0.34088664154	174411.491358	0.790465837035	1.19170952335	41836.7288391	25457.3579542
11200000.0	78312.3073365	745102302.285	0.340766954822	174411.174935	0.794251851198	1.19152421136	41852.2024047	25473.6737979
11225000.0	78513.6945992	750738417.335	0.340645399857	174410.93967	0.798045721116	1.19134552683	41868.131367	25490.2945126
11250000.0	78714.9926824	756399250.568	0.34052208823	174410.792781	0.801847613742	1.19117325319	41884.4819314	25507.1913629
11275000.0	78916.1596636	762096115.374	0.340396813387	174410.77294	0.805660740836	1.19100915388	41901.3614098	25524.4206036
11300000.0	79117.237303	767817415.508	0.340270540566	174410.844046	0.809481527487	1.19085029387	41918.5486283	25541.8318683
11325000.0	79318.2258169	773563055.93	0.340143462575	174411.008092	0.813309922158	1.19069613954	41936.0046009	25559.3981455
11350000.0	79519.1213882	779334040.693	0.340015754641	174411.271488	0.817146213053	1.19054630625	41953.6983952	25577.0967465
11375000.0	79719.8847414	785141137.4	0.339887622648	174411.665701	0.820993644002	1.19040235209	41971.672951	25594.9262157
11400000.0	79920.5590534	790972622.938	0.339759551724	174412.135894	0.824848473279	1.19026131862	41989.7734909	25612.8042532
11425000.0	80121.1447204	796828391.87	0.339630945887	174412.678317	0.828710816347	1.19012399076	42008.0877856	25630.8006742
11450000.0	80321.6295884	802711773.527	0.339500755165	174413.29834	0.832581948052	1.18999222807	42026.7908395	25649.0464327
11475000.0	80521.9872211	808629692.601	0.339368307139	174413.9815	0.836464233953	1.18986811916	42046.0325796	25667.6443469
11500000.0	80722.254744	814571933.302	0.339234589911	174414.718332	0.840354190313	1.18974894994	42065.6058727	25686.451869
11525000.0	80922.4324085	820538379.715	0.33909978912	174415.505128	0.844251788881	1.18963451394	42085.4851608	25705.4498093
11550000.0	81122.4922664	826536475.938	0.338963992514	174416.340817	0.848159507586	1.18952590526	42105.7110636	25724.6573061
11575000.0	81322.4359843	832565769.801	0.338827681111	174417.216895	0.852076963543	1.18942248256	42126.2091108	25744.0148763
11600000.0	81522.2897111	838619288.598	0.338691212263	174418.131571	0.856001891553	1.18932299352	42146.8853433	25763.4585814
11625000.0	81722.0540491	844696904.325	0.338554724135	174419.086703	0.859934215771	1.18922734936	42167.7199527	25782.9712544
11650000.0	81921.6798525	850812084.744	0.338418768602	174420.080647	0.86387814647	1.18913717672	42188.722769	25802.5312824
11675000.0	82121.2107714	856953224.377	0.338283511045	174421.118291	0.867829959992	1.1890504053	42209.7882322	25822.0803125
11700000.0	82320.6540765	863118457.564	0.338149030856	174422.193946	0.871788990924	1.18896670989	42230.8952996	25841.6047592
11725000.0	82519.9914249	869313024.573	0.338015701563	174423.311862	0.875756652985	1.18888663206	42252.026918	25861.0765896
11750000.0	82719.2045505	875542305.896	0.337882051335	174424.426351	0.879735358226	1.18881358342	42273.4406087	25880.6808459
11775000.0	82918.3314921	881795666.591	0.33774786996	174425.534466	0.883721622919	1.18874565757	42295.0956436	25900.4150373
11800000.0	83117.3727823	888072958.144	0.337613097082	174426.635592	0.887715359714	1.18868285002	42316.9989799	25920.2853463
11825000.0	83316.2767405	894388645.997	0.337477754936	174427.73304	0.891720900915	1.18862758303	42339.2294136	25940.3137695
11850000.0	83515.0869581	900730645.487	0.337342498705	174428.816924	0.89573465739	1.18857638264	42361.6041758	25960.3990972
11875000.0	83713.8122754	907096544.345	0.337207427895	174429.884687	0.899755808478	1.18852871846	42384.0898719	25980.5198483
11900000.0	83912.4246788	913494374.424	0.337072830806	174430.922912	0.90378669728	1.18848544731	42406.681353	26000.6537008
11925000.0	84110.9205599	919925505.688	0.336939254112	174431.951336	0.907827765161	1.18844562735	42429.294523	26020.7391107
11950000.0	84309.3337	926380490.084	0.336806585136	174432.953637	0.911876042501	1.18840786377	42451.8904626	26040.7653069
11975000.0	84507.6566562	932861592.593	0.336675011386	174433.91639	0.91593216709	1.1883721137	42474.448762	26060.7126204
12000000.0	84705.8451539	939382322.188	0.336545728221	174434.835957	0.92000010946	1.18833842196	42496.8510268	26080.4657345
12025000.0	84903.9542082	945926837.415	0.336417980007	174435.73844	0.924074281849	1.1883053217	42519.1345692	26100.0779758
12050000.0	85101.9847146	952494956.67	0.336291648377	174436.61931	0.928154751386	1.18827293947	42541.3151349	26119.5640275
12075000.0	85299.8840503	959103090.547	0.336166019747	174437.386458	0.932248788721	1.18824455184	42563.561765	26139.0588584
12100000.0	85497.6979049	965737554.84	0.336040665705	174438.069516	0.936350944026	1.1882194632	42585.8988757	26158.5760281
12125000.0	85695.435612	972395544.845	0.335915647754	174438.683111	0.94046034221	1.18819713948	42608.3014599	26178.1019827
12150000.0	85893.0566565	979089838.362	0.33579148419	174439.210484	0.944580878821	1.18817840666	42630.7482195	26197.6001531
12175000.0	86090.5808363	985814684.994	0.335668377135	174439.625308	0.948710548066	1.18816270024	42653.1809268	26217.02097
12200000.0	86288.0312863	992562960.169	0.335546205451	174439.950391	0.95284730933	1.1881491558	42675.5811624	26236.3664327
12225000.0	86485.3776803	999344607.801	0.335425587499	174440.141574	0.95699433003	1.18813841048	42697.8967925	26255.576208
12250000.0	86682.6202819	1006160236.06	0.335306974795	174440.191925	0.961151652335	1.18813010416	42720.0641749	26274.5905965
12275000.0	86879.7925834	1012999179.26	0.335189832903	174440.148843	0.965315917163	1.18812338396	42742.1114356	26293.4529569
12300000.0	87076.8715483	1019869390.87	0.335074761761	174439.98376	0.969489362898	1.18811870061	42763.9785652	26312.0928476
12325000.0	87273.8442788	1026776172.0	0.334962486146	174439.657795	0.973673653031	1.1881158792	42785.5684578	26330.4188478
12350000.0	87470.7508948	1033706136.52	0.334851898703	174439.217087	0.977864859918	1.18811457062	42807.0050781	26348.5598576
12375000.0	87667.5727325	1040666133.9	0.334743438934	174438.618748	0.982065056648	1.18811545623	42828.2589928	26366.4710932
12400000.0	87864.2886986	1047664411.54	0.334635990144	174437.787802	0.98627668373	1.18812264083	42849.5884643	26384.3053217
12425000.0	88060.9416473	1054685726.32	0.334529267727	174436.812532	0.99049531342	1.1881330271	42870.9316225	26402.0793754
12450000.0	88257.5137119	1061736755.49	0.334423549691	174435.648626	0.994723046203	1.1881472061	42892.274256	26419.7679016
12475000.0	88453.9813086	1068826860.03	0.334319388062	174434.26076	0.998962418415	1.1881648407	42913.5247248	26437.2867845
12500000.0	88650.3886254	1075939838.01	0.334216170196	174432.84055	1.00320839164	1.18818407146	42934.7192145	26454.7142282
