z	T	P	nabla_ad	S	rho	delta	cp	cv
0.0	3500.36064629	90.3396036602	0.340921358947	174368.945312	4.06203959358e-06	1.0330628646	19628.987341	12862.4984741
25000.0	3896.8779451	120.978326637	0.385353946311	174360.694832	4.87864758175e-06	1.00799150631	16728.7014685	10266.7761249
50000.0	4318.88032024	157.292825556	0.395526562589	174378.924608	5.72111537544e-06	1.00243378691	16154.033502	9758.36847786
75000.0	4745.56750347	199.51832319	0.395899351401	174360.400176	6.60358193767e-06	1.00137025838	16105.0083139	9721.55400625
100000.0	5169.54019827	247.9525902	0.390350485146	174380.64712	7.53266679657e-06	1.00232527332	16329.3317807	9932.84422097
125000.0	5583.32213322	302.950460697	0.376610156428	174361.645916	8.5192211801e-06	1.00567106496	16942.3736802	10501.9903009
150000.0	5976.72334603	364.969947511	0.352649047091	174367.24799	9.58245040116e-06	1.01300005111	18173.0315444	11636.8765428
175000.0	6339.39537695	434.616318144	0.320739846972	174368.621298	1.07477441406e-05	1.02555048029	20152.8736946	13450.1217675
200000.0	6665.63281064	512.687063352	0.286538016279	174357.886692	1.20399599998e-05	1.04367880736	22901.9842773	15955.1163455
225000.0	6955.55396217	600.117100279	0.254745302815	174379.491024	1.34787807593e-05	1.06706334464	26291.6613567	19022.8299682
250000.0	7213.6438539	697.971958243	0.228345087291	174358.933912	1.50795207771e-05	1.09383792537	30043.6525378	22395.8444376
275000.0	7445.55149843	807.396162085	0.206752319264	174361.009141	1.68537177207e-05	1.12366326433	34097.6841774	26016.110693
300000.0	7656.07303322	929.640114135	0.189485213973	174369.197532	1.8814376608e-05	1.15531666229	38311.5248213	29754.6259996
325000.0	7849.73266264	1066.02370292	0.175885555242	174352.895416	2.09745833505e-05	1.1876832759	42515.3256985	33457.4734881
350000.0	8029.70995479	1217.9546879	0.164698500764	174375.67904	2.33459930683e-05	1.22137471244	46828.7611509	37232.673207
375000.0	8198.47653175	1386.94632979	0.155792006681	174359.969474	2.59472808921e-05	1.25444042071	50985.1065825	40843.8435617
400000.0	8358.23216647	1574.63071597	0.148493455165	174349.794096	2.87913325973e-05	1.28760196862	55085.8040094	44381.3548754
425000.0	8510.32658627	1782.72112179	0.142259836746	174383.448295	3.18921603869e-05	1.32153929221	59259.7285651	47960.7195444
450000.0	8656.03975098	2013.07185797	0.137267321186	174354.101129	3.52767834053e-05	1.35354967701	63110.8137463	51234.6393349
475000.0	8796.42123926	2267.66809336	0.13299500766	174348.641127	3.89559492926e-05	1.38568121989	66942.6767543	54471.0613275
500000.0	8932.11035525	2548.57830208	0.129240923575	174379.466922	4.29472753405e-05	1.41833976633	70825.9457685	57731.9345355
525000.0	9063.80927411	2858.13018407	0.126219240595	174349.885386	4.72849097981e-05	1.44855680954	74344.7760882	60658.7953589
550000.0	9192.1032506	3198.67277644	0.123538839772	174344.158333	5.19796029138e-05	1.47890176025	77857.5582872	63562.6204878
575000.0	9317.30160661	3572.73725248	0.121159648602	174382.14659	5.70474044693e-05	1.50980253733	81442.2899223	66511.3172509
600000.0	9439.829707	3983.0742534	0.119217908137	174348.955792	6.25373843666e-05	1.53809231405	84627.1647697	69099.9314406
625000.0	9560.04882255	4432.58783372	0.117500046795	174339.330383	6.84547042462e-05	1.56613188688	87793.2754611	71659.940268
650000.0	9678.13272619	4924.27203607	0.115905973954	174385.31753	7.48143919944e-05	1.59516818689	91109.1680398	74333.1382732
675000.0	9794.3090814	5461.39864408	0.11464280765	174353.438081	8.16818830515e-05	1.62118565885	93975.1987127	76610.9825768
700000.0	9908.86217937	6047.50506257	0.113512972832	174333.622721	8.9062687878e-05	1.64701040417	96804.9013551	78845.1344623
725000.0	10021.8970004	6686.13594585	0.112473582602	174360.113843	9.6969261471e-05	1.67328381973	99725.7273272	81146.0710046
750000.0	10133.509289	7381.03388694	0.11158455749	174373.134475	0.00010545347046	1.69860301223	102502.96494	83313.7178911
775000.0	10243.8951007	8136.34064315	0.110817143891	174376.061196	0.000114548052993	1.72289866141	105139.009151	85352.7811022
800000.0	10353.1410153	8956.44754855	0.110141018049	174393.087926	0.00012427470194	1.74686491506	107744.999814	87358.1099769
825000.0	10461.363269	9845.66218951	0.109582917703	174381.03492	0.000134690471744	1.76946182903	110146.054318	89182.9350335
850000.0	10568.6895204	10809.087934	0.109106394069	174366.455313	0.000145820698717	1.79121652942	112438.111451	90909.3327612
875000.0	10675.170877	11851.4742643	0.108674267927	174379.758834	0.000157679131303	1.81318821383	114774.075752	92663.5629147
900000.0	10780.8578285	12978.0740122	0.108307558143	174393.940831	0.000170318681967	1.83434295215	117015.505999	94333.8435956
925000.0	10885.8396417	14194.5601289	0.108021311812	174371.5261	0.000183813567167	1.8540214103	119039.440529	95818.0923543
950000.0	10990.190216	15506.852026	0.107774955192	174365.679952	0.000198163329623	1.87350002469	121047.262087	97282.2794832
975000.0	11093.9405541	16920.8271892	0.107575623959	174382.23258	0.000213397295676	1.89286331602	123057.996596	98742.5878839
1000000.0	11197.1395261	18442.8185657	0.107430568408	174392.646953	0.000229584726179	1.9115383923	124973.375415	100118.911562
1025000.0	11299.8593523	20079.9444365	0.107342203578	174367.09186	0.00024681178949	1.92865385908	126663.363942	101306.844562
1050000.0	11402.145238	21838.9620202	0.107271767288	174363.638012	0.000265056841035	1.94593477342	128382.146978	102511.249606
1075000.0	11504.0041806	23727.1367627	0.10722381779	174380.163902	0.000284362039689	1.96301638059	130108.710291	103720.443752
1100000.0	11605.4633551	25752.2913719	0.107214945897	174391.643766	0.000304809994198	1.97936801164	131756.450974	104864.81555
1125000.0	11706.5819243	27922.3700168	0.107251029954	174367.547962	0.000326504150364	1.99441830932	133216.36301	105854.924628
1150000.0	11807.395729	30245.9760292	0.107295064661	174360.05873	0.000349416040091	2.00922375046	134673.587371	106841.726611
1175000.0	11907.900518	32731.5469015	0.107350130193	174374.846681	0.000373579243061	2.02405539739	136164.259142	107853.291133
1200000.0	12008.1102385	35387.9008275	0.107431227919	174390.099042	0.000399082327898	2.03815800607	137570.75058	108795.729535
1225000.0	12108.0670138	38225.2560466	0.107554748831	174373.973307	0.000426057287412	2.05117364321	138808.181468	109599.692616
1250000.0	12207.8212168	41253.4084707	0.107700618107	174357.911966	0.000454500541641	2.06400857148	140014.016359	110374.10393
1275000.0	12307.3765189	44482.0331103	0.10785545114	174366.842079	0.000484402482161	2.07687496491	141249.862314	111170.405275
1300000.0	12406.7350468	47922.5441331	0.108023586524	174385.358432	0.000515857520635	2.08920607551	142440.645392	111930.899284
1325000.0	12505.9160639	51585.0062935	0.10821090431	174387.938558	0.000548989116096	2.10042082126	143490.502728	112580.525453
1350000.0	12604.9581512	55481.6223431	0.10842350891	174360.287404	0.000583918459296	2.11079981701	144403.94569	113119.886779
1375000.0	12703.8800297	59625.5528388	0.108645360718	174355.599905	0.000620558298859	2.1215251961	145373.391512	113700.047338
1400000.0	12802.6786138	64027.7348192	0.108876767964	174370.558342	0.000658961248849	2.13222833404	146359.152771	114291.580413
1425000.0	12901.3598152	68700.8478488	0.109121353733	174388.143541	0.000699245026107	2.14236545047	147285.278673	114836.472878
1450000.0	12999.9444559	73658.4849027	0.109383162772	174382.554106	0.000741584351454	2.15139377413	148062.676704	115265.924655
1475000.0	13098.4676624	78915.283978	0.109663682776	174354.968621	0.0007860619984	2.15971813556	148732.421292	115609.884604
1500000.0	13196.9395028	84485.2552929	0.109954275802	174353.04089	0.000832545321845	2.16830608374	149455.801892	115993.755133
1525000.0	13295.3571881	90383.5163039	0.110254051552	174368.529895	0.000881129842919	2.17680908443	150189.456591	116385.649296
1550000.0	13393.7251586	96624.4710255	0.110563132794	174385.711478	0.000931950860038	2.18482256621	150874.72846	116741.644918
1575000.0	13492.0584348	103222.99132	0.11088142264	174381.907431	0.000985203808384	2.19194956335	151444.779957	117011.075807
1600000.0	13590.3828693	110198.882639	0.111209719037	174353.72389	0.00104102074478	2.19841592796	151920.849722	117209.50412
1625000.0	13688.7052603	117566.600044	0.111544593797	174348.556965	0.00109919381172	2.20505116923	152444.939637	117445.68024
1650000.0	13787.0204129	125345.240261	0.111886991639	174361.248081	0.00115982646964	2.21160179878	152981.854044	117692.750208
1675000.0	13885.3300179	133549.436628	0.112237505913	174379.105986	0.00122305053206	2.21776041734	153482.524821	117913.276379
1700000.0	13983.6449019	142200.025313	0.11259630347	174384.22481	0.00128908870802	2.22323301303	153893.928733	118066.757741
1725000.0	14081.9864494	151317.169013	0.112965731284	174359.698495	0.00135816007542	2.22802947012	154198.876394	118139.145644
1750000.0	14180.373012	160920.294252	0.113344494968	174345.479872	0.00143008571316	2.23281444104	154515.549879	118221.710414
1775000.0	14278.8016478	171029.095816	0.113730373378	174351.030488	0.00150482004141	2.23754474366	154849.147005	118318.133939
1800000.0	14377.2699314	181663.713936	0.114122907293	174366.98327	0.00158252250864	2.24200186494	155163.847811	118401.622288
1825000.0	14475.7821545	192845.42584	0.114520989982	174380.426803	0.00166339376407	2.24596474621	155421.313038	118443.346314
1850000.0	14574.3490326	204596.7935	0.114925644704	174376.193327	0.00174765636373	2.24938937345	155601.653818	118427.514592
1875000.0	14672.9927636	216941.962802	0.115340546145	174351.247606	0.00183549015865	2.25257760826	155733.459424	118375.043771
1900000.0	14771.7210435	229904.031455	0.115761735346	174343.09124	0.00192659398488	2.25569982074	155878.363963	118334.169411
1925000.0	14870.52961	243506.401207	0.116188433861	174350.299878	0.00202105222562	2.25860887796	156018.537879	118291.997273
1950000.0	14969.4177843	257775.616933	0.116619803209	174364.554094	0.00211905069475	2.26113789422	156125.934901	118227.469206
1975000.0	15068.388809	272731.959868	0.117056492468	174376.076487	0.00222076462291	2.26321816578	156183.979027	118128.107122
2000000.0	15167.4542964	288403.629199	0.117502909042	174374.432777	0.00232642602844	2.26502480959	156201.08628	117999.058896
2025000.0	15266.6332731	304821.775404	0.117955532198	174351.533472	0.00243630346718	2.26664019005	156175.175262	117837.72587
2050000.0	15365.9321454	322008.993952	0.118412846763	174341.364833	0.00255002133301	2.26811555206	156148.168407	117677.292591
2075000.0	15465.3479029	339998.257305	0.118874220682	174344.413776	0.00266767943967	2.26932790423	156106.825614	117508.447938
2100000.0	15564.8783329	358812.693614	0.119340500025	174355.311804	0.00278940370027	2.27020537815	156037.882703	117321.22798
2125000.0	15664.5265509	378479.608658	0.119816676517	174369.580688	0.00291531409306	2.27082867266	155947.621364	117120.005755
2150000.0	15764.3024703	399037.519974	0.120300345466	174375.66206	0.00304575832006	2.27120690414	155824.378615	116895.455344
2175000.0	15864.2185744	420510.84772	0.12078687623	174359.505234	0.00318110086638	2.27140810245	155659.009909	116639.7667
2200000.0	15964.2870523	442934.378968	0.121275016367	174340.345782	0.00332115653783	2.27144577396	155472.687181	116369.753595
2225000.0	16064.5061749	466340.439152	0.121767507672	174334.827773	0.00346570219268	2.27123993196	155274.287111	116093.333714
2250000.0	16164.8745691	490761.50653	0.122269984043	174342.270763	0.00361478199452	2.27082458643	155067.427722	115812.950593
2275000.0	16265.3944564	516231.683567	0.122781289051	174356.54115	0.00376861263469	2.27018350572	154843.338785	115521.646687
2300000.0	16366.0702894	542781.463967	0.123298746979	174369.430318	0.00392746467449	2.2693106757	154592.505487	115211.918684
2325000.0	16466.9100611	570446.905193	0.123818422701	174370.596446	0.00409171585201	2.26823556886	154308.047822	114878.289934
2350000.0	16567.9249572	599267.225124	0.124336880797	174350.169357	0.00426176375976	2.26704206524	153990.980712	114521.304518
2375000.0	16669.1243236	629285.492033	0.12486217091	174334.29698	0.0044370932968	2.26570852937	153666.867926	114161.084912
2400000.0	16770.5069952	660533.691455	0.125396139587	174332.127954	0.00461754384213	2.26416436236	153336.347892	113798.683176
2425000.0	16872.0726884	693046.875099	0.1259375004	174339.535659	0.00480329710401	2.26239194557	152991.324945	113427.67746
2450000.0	16973.8229722	726861.073061	0.126484425189	174351.14144	0.00499459166251	2.26038077862	152624.440194	113042.41413
2475000.0	17075.7613824	762013.531863	0.127036295691	174361.719986	0.00519166365243	2.25813615102	152231.322963	112639.553515
2500000.0	17177.8972795	798562.036658	0.127595096562	174366.427206	0.00539480274993	2.25572622984	151816.342857	112222.222266
2525000.0	17280.2378416	836532.097896	0.128155746407	174355.729235	0.0056044030784	2.25328661983	151385.24501	111793.894752
2550000.0	17382.792346	875968.018329	0.128717380859	174336.655024	0.00582042060245	2.25082231193	150946.080515	111360.681231
2575000.0	17485.5650487	916932.981761	0.129284601788	174328.155158	0.00604244443668	2.2481503606	150496.810107	110922.100196
2600000.0	17588.5513033	959439.789069	0.129859063164	174328.906261	0.00627044739513	2.24522450484	150031.728958	110474.195455
2625000.0	17691.7573214	1003561.17489	0.130444156808	174337.816447	0.0065046171508	2.24203676638	149548.609949	110015.462298
2650000.0	17795.1824017	1049306.78953	0.131037473782	174350.139425	0.00674509756787	2.23865631823	149047.78701	109545.453617
2675000.0	17898.8368944	1096760.73457	0.131635857113	174360.154166	0.00699239342817	2.23515264538	148530.221522	109064.401793
2700000.0	18002.7223213	1145936.06195	0.132234760749	174361.032354	0.00724680446273	2.23162277	147999.781818	108574.482761
2725000.0	18106.8484558	1196902.32239	0.132832704014	174346.688934	0.00750878559678	2.22814309415	147461.489873	108079.224274
2750000.0	18211.2230881	1249713.89041	0.133435258405	174329.69392	0.00777794432114	2.22460912319	146917.109218	107580.724153
2775000.0	18315.8460597	1304402.74779	0.134046970746	174323.192706	0.00805376166759	2.22086863751	146361.974022	107076.355103
2800000.0	18420.7191865	1361019.98447	0.134666543582	174324.825629	0.00833645051214	2.21692833594	145794.275465	106564.730713
2825000.0	18525.847361	1419637.54869	0.135292310038	174331.524589	0.00862633517157	2.21279959924	145212.389784	106044.587931
2850000.0	18631.2309588	1480282.38684	0.135926778183	174341.634248	0.00892343027194	2.20844504387	144611.674956	105512.700121
2875000.0	18736.8755201	1543007.07424	0.136569038573	174351.585464	0.00922799952867	2.20392081653	143995.025365	104970.922574
2900000.0	18842.7871084	1607866.50173	0.137215041698	174356.301249	0.00954045923563	2.1993377544	143369.276897	104423.732435
2925000.0	18948.971812	1674918.54908	0.137859583015	174349.96402	0.0098613255673	2.19483003046	142743.246779	103877.026174
2950000.0	19055.4351986	1744224.2959	0.138500272589	174331.418618	0.0101908702336	2.19045726094	142122.157654	103334.367378
2975000.0	19162.1807153	1815841.18659	0.139150444982	174320.202604	0.0105280384216	2.18588586984	141488.594744	102784.631244
3000000.0	19269.2107569	1889822.18593	0.13981113131	174317.544011	0.0108728181893	2.18109580186	140840.954415	102226.633048
3025000.0	19376.5281271	1966221.06181	0.140480761388	174321.270539	0.011225433284	2.17612965263	140180.971703	101661.250273
3050000.0	19484.1359687	2045092.83307	0.141157282442	174328.713443	0.0115861517638	2.17103773775	139510.86825	101089.703953
3075000.0	19592.0380546	2126493.81135	0.141841361158	174337.808009	0.0119551736091	2.16581474049	138827.320878	100509.259652
3100000.0	19700.2402402	2210480.55141	0.142534448953	174346.59465	0.0123326432095	2.16045119847	138128.281476	99918.4891335
3125000.0	19808.7482966	2297111.17206	0.143231162796	174350.929508	0.0127190082921	2.15508278688	137425.322167	99325.5506273
3150000.0	19917.5665177	2386446.46099	0.143925095122	174346.104809	0.0131147998153	2.14984900309	136731.093701	98739.6034826
3175000.0	20026.698174	2478558.03772	0.144610905812	174329.357281	0.0135204697543	2.14485021355	136055.216249	98167.5284456
3200000.0	20136.1484657	2573540.93594	0.145305085233	174316.940145	0.0139349200408	2.13965666996	135366.746173	97588.440056
3225000.0	20245.9172953	2671415.6036	0.146012577798	174312.103291	0.0143577717194	2.13416860234	134656.776058	96995.9016593
3250000.0	20356.0085665	2772235.08838	0.146732126043	174313.549517	0.0147891556842	2.12843689645	133929.111889	96392.4554209
3275000.0	20466.430111	2876090.06082	0.147462225473	174319.736131	0.0152293604982	2.12252050655	133187.96662	95780.8804722
3300000.0	20577.1863547	2983043.02788	0.148200759498	174328.730387	0.0156786392246	2.11648691943	132438.155038	95164.3509649
3325000.0	20688.2766661	3093113.27506	0.148945120397	174338.207206	0.0161371589708	2.11041142401	131685.165133	94546.4888725
3350000.0	20799.7115131	3206430.35577	0.149692214277	174345.607889	0.0166054626764	2.1043730404	130935.204196	93931.5660465
3375000.0	20911.4890387	3323017.73878	0.150438215604	174347.922468	0.0170838507017	2.09845671494	130194.936841	93324.1524994
3400000.0	21023.6119631	3442954.03619	0.151178603431	174341.805382	0.0175728340449	2.09275424802	129472.00336	92729.5897042
3425000.0	21136.0836351	3566341.78386	0.151911055821	174326.906292	0.0180727379302	2.08729820744	128770.206407	92150.656825
3450000.0	21248.8992565	3693208.26052	0.152644755603	174315.470132	0.0185824330464	2.08186150087	128074.920375	91577.5243438
3475000.0	21362.0648758	3823672.60316	0.153388189909	174309.416101	0.0191017796955	2.07624926466	127367.392197	90997.0852394
3500000.0	21475.5825266	3957757.27466	0.154147704512	174308.805798	0.0196305090877	2.07033241593	126634.498379	90400.1409839
3525000.0	21589.4609808	4095546.03437	0.154921264867	174312.539247	0.020168837601	2.06417096737	125881.55466	89790.3536333
3550000.0	21703.7085067	4237127.38553	0.155706316318	174319.287457	0.02071701903	2.05783310635	125114.597047	89171.8659833
3575000.0	21818.3235988	4382500.0693	0.156499775656	174327.380272	0.0212751437659	2.05139238658	124340.209976	88549.2998382
3600000.0	21933.3215009	4531849.30503	0.15729845854	174334.999643	0.0218438248348	2.04492620803	123565.03404	87927.2032083
3625000.0	22048.6965742	4685159.18606	0.158098416977	174340.021767	0.022423205359	2.03851613753	122796.155418	87310.4962491
3650000.0	22164.449537	4842495.53138	0.158895381621	174340.157488	0.0230136839778	2.03224709219	122040.830645	86704.1549419
3675000.0	22280.5886862	5004028.59403	0.15968439245	174332.632778	0.0236160236982	2.0262139035	121307.215138	86113.8537638
3700000.0	22397.1068773	5169781.81863	0.160466316959	174320.57871	0.0242298984099	2.02038543457	120594.296805	85538.9633372
3725000.0	22514.0005911	5339811.9829	0.161248422836	174312.456684	0.0248543628577	2.01460412838	119891.288485	84972.1483414
3750000.0	22631.270805	5514197.64842	0.162039732851	174308.478152	0.025489252787	2.00868559808	119179.228562	84400.0552861
3775000.0	22748.9288461	5693068.4293	0.162845772217	174308.550821	0.0261345713384	2.00253172213	118447.66717	83815.2264105
3800000.0	22866.9795937	5876476.05621	0.163664153743	174311.868999	0.0267904354788	1.99619812536	117701.764851	83221.3010999
3825000.0	22985.4261784	6064466.09042	0.164492369753	174317.543257	0.0274569381235	1.98974323258	116946.856694	82621.9445925
3850000.0	23104.2733209	6257117.45016	0.165327533294	174324.484387	0.0281343340394	1.98322671554	116188.361479	82020.9654426
3875000.0	23223.5244478	6454510.56207	0.166166510841	174331.453114	0.0288228838667	1.97671250289	115431.998405	81422.3106075
3900000.0	23343.1815556	6656727.5913	0.167005903252	174337.071617	0.0295229215323	1.97026370136	114683.549052	80830.0530002
3925000.0	23463.2450462	6863852.68921	0.167841856478	174339.718857	0.0302348279703	1.96394759338	113949.069069	80248.4403799
3950000.0	23583.7136434	7075972.47859	0.168670173915	174337.597494	0.0309590407788	1.95783223298	113234.617447	79681.7131988
3975000.0	23704.5842569	7293176.29212	0.169486606898	174328.836602	0.0316960551146	1.95198522758	112546.227635	79134.1207135
4000000.0	23825.8528965	7515553.23232	0.170298554328	174319.139043	0.0324450883409	1.94625475935	111872.390115	78597.8369583
4025000.0	23947.5216191	7743183.53353	0.171122135125	174313.18023	0.0332051975757	1.94034550636	111186.127992	78054.092846
4050000.0	24069.5960564	7976144.46611	0.171956969456	174310.673048	0.0339764140329	1.93427212268	110488.369728	77503.4315879
4075000.0	24192.0808569	8214513.00793	0.172801098543	174311.227959	0.0347588187245	1.92807900079	109782.894583	76948.3625588
4100000.0	24314.979575	8458366.07586	0.173652376586	174314.364204	0.0355525341967	1.92181073758	109073.621492	76391.552157
4125000.0	24438.2944976	8707780.57751	0.174508434828	174319.410125	0.0363577121717	1.91551622289	108364.729804	75835.8247431
4150000.0	24562.0266041	8962833.65876	0.175366512612	174325.661142	0.0371745452343	1.9092431192	107660.41897	75284.0624268
4175000.0	24686.1754141	9223602.69483	0.176223829084	174332.287332	0.0380032457488	1.90303967977	106965.045258	74739.2885162
4200000.0	24810.7390342	9490165.67029	0.177077197268	174338.307721	0.0388440918745	1.89695529175	106283.006491	74204.5675715
4225000.0	24935.7139599	9762601.22258	0.177923314464	174342.745762	0.0396973814357	1.89103679651	105618.621789	73682.9491058
4250000.0	25061.1024162	10041095.9599	0.17876023086	174344.210486	0.040563685464	1.88530451464	104973.52656	73175.6457448
4275000.0	25186.8987113	10325682.6556	0.179595421761	174341.231309	0.0414430539836	1.87961377861	104333.058673	72672.5021721
4300000.0	25313.1013008	10616405.3611	0.180428724305	174332.902117	0.0423356032596	1.87396628106	103696.960324	72173.2846019
4325000.0	25439.7107427	10913341.5415	0.181264767281	174324.541792	0.0432403520586	1.868283433	103060.62486	71674.9452932
4350000.0	25566.731415	11216617.4589	0.182105905358	174319.30504	0.0441567923529	1.86252964194	102422.193381	71176.2547492
4375000.0	25694.1713586	11526428.8511	0.182950465904	174317.057281	0.0450851884484	1.85673724944	101784.58746	70679.1811697
4400000.0	25822.0189909	11842680.8281	0.183796419211	174317.409245	0.0460253107054	1.85094192932	101150.772022	70185.6818245
4425000.0	25950.2721194	12165437.2479	0.18464175809	174320.024074	0.0469772449006	1.84517918006	100523.735315	69697.75402
4450000.0	26078.9430136	12495022.2254	0.185484152065	174324.528256	0.0479415858793	1.839488462	99907.026985	69217.8423773
4475000.0	26208.0155465	12831318.2612	0.186321221511	174330.383264	0.04891814645	1.83390634316	99303.6724964	68747.9756187
4500000.0	26337.481231	13174337.1832	0.187152791424	174336.839648	0.0499070017027	1.82842300518	98712.4532804	68287.33733
4525000.0	26467.357857	13524506.759	0.187983858729	174342.698891	0.0509089515596	1.82293661437	98123.6433659	67829.3788642
4550000.0	26597.6260633	13881576.5955	0.188813987548	174347.462186	0.051923524014	1.81746053432	97537.8346848	67374.3629438
4575000.0	26728.2925753	14245758.0043	0.189642015526	174350.556399	0.0529511196676	1.81202137439	96957.0404147	66923.6010331
4600000.0	26859.3616912	14617237.1616	0.190466550625	174351.298092	0.0539920972221	1.80664940085	96383.5534829	66478.5697585
4625000.0	26990.8175496	14995840.4508	0.191286266192	174349.122149	0.0550461838038	1.80137013476	95819.2349155	66040.4398936
4650000.0	27122.6809887	15382091.0922	0.192099385804	174343.032045	0.0561144545587	1.79622091214	95266.9964757	65611.1540571
4675000.0	27254.9229332	15775584.3088	0.192907418979	174335.557486	0.0571954704059	1.7911699121	94725.1501233	65189.5935314
4700000.0	27387.5664433	16176912.5876	0.193712728036	174330.932253	0.0582891139525	1.78617477085	94191.9883781	64774.7743869
4725000.0	27520.5821254	16585658.8659	0.194514144662	174328.944734	0.0593946183281	1.78125078226	93668.7742122	64367.5431876
4750000.0	27653.9912227	17002416.5251	0.195312210572	174328.920149	0.0605130223428	1.77634553402	93151.2447684	63965.2613891
4775000.0	27787.765007	17426731.7559	0.196108662751	174330.232617	0.0616435622056	1.77142358268	92635.9203635	63565.5590581
4800000.0	27921.9305915	17859298.81	0.196903102576	174332.826339	0.0627872563327	1.76649778835	92123.7436137	63169.0335916
4825000.0	28056.4590665	18299632.7967	0.197695690758	174336.429407	0.0639432429292	1.76158290772	91615.4298116	62776.0156424
4850000.0	28191.3685011	18748250.5834	0.198485889244	174340.888693	0.0651122736092	1.7566968685	91112.2561442	62387.3034066
4875000.0	28326.6455354	19204994.127	0.199273367675	174345.867278	0.0662940441878	1.75185660363	90615.2408504	62003.4713496
4900000.0	28462.288069	19669951.9402	0.200057495993	174351.07785	0.0674886745866	1.74708083748	90125.7130539	61625.3597262
4925000.0	28598.3059839	20143496.3655	0.200837367702	174356.197038	0.0686967026519	1.74239282735	89645.3673448	61254.025825
4950000.0	28734.6788981	20625311.7364	0.201612385241	174360.789332	0.0699176516288	1.73780949605	89175.2149915	60890.0488861
4975000.0	28871.4172405	21115810.5728	0.202380390835	174364.02451	0.0711523282758	1.73332483334	88715.1629597	60533.6002639
5000000.0	29008.5146422	21615032.8661	0.20314043096	174364.793808	0.0724010051271	1.72890614801	88262.7062313	60183.2089048
5025000.0	29145.9585077	22122848.3335	0.203893287137	174362.724115	0.0736635028527	1.72455690129	87817.641558	59838.6082591
5050000.0	29283.7575935	22639643.5329	0.204639443906	174357.173005	0.0749404482935	1.72028836667	87380.3822568	59499.9361012
5075000.0	29421.908548	23165492.675	0.205381622927	174350.512541	0.0762311654772	1.71607040646	86948.9487757	59165.8207098
5100000.0	29560.4008396	23700256.9903	0.206123075878	174345.76445	0.0775343140688	1.71186584583	86521.0860393	58834.7085208
5125000.0	29699.2344385	24244056.1831	0.206864253134	174342.974385	0.0788499797834	1.70768379655	86097.2110181	58506.7803422
5150000.0	29838.424787	24797424.436	0.207605421574	174342.125624	0.0801787475821	1.70353590018	85678.0559267	58182.4393782
5175000.0	29977.9542862	25360004.1108	0.208346636773	174343.147568	0.0815199999696	1.69943325983	85264.1886581	57861.9622451
5200000.0	30117.8222934	25931896.0451	0.209085495866	174345.52572	0.0828739528078	1.69537582105	84855.9612693	57545.7649461
5225000.0	30258.0260961	26513202.9729	0.209818656292	174348.642824	0.0842408923411	1.69134951936	84452.9585181	57233.880727
5250000.0	30398.5738587	27104354.1038	0.210546846909	174352.349793	0.0856213575926	1.68735396272	84054.9908806	56926.1847957
5275000.0	30539.4542687	27705201.8029	0.211271480251	174356.49117	0.087015035584	1.68338797704	83661.5008349	56622.1785105
5300000.0	30680.6629603	28315766.2976	0.21199348979	174360.878829	0.0884218856044	1.67945422056	83272.2871466	56321.6145725
5325000.0	30822.1991728	28936151.3221	0.212713900062	174365.288863	0.0898419706726	1.67555579719	82887.2463481	56024.338252
5350000.0	30964.0628753	29566460.9544	0.213433653506	174369.516866	0.0912753602588	1.67169803048	82506.3871654	55730.2339603
5375000.0	31106.2546393	30206799.7076	0.21415356618	174373.340107	0.0927221378371	1.6678876144	82129.820427	55439.2536512
5400000.0	31248.7852291	30857568.7104	0.214874324038	174376.467187	0.0941827867773	1.66413510699	81757.9413951	55151.53224
5425000.0	31391.6451848	31518560.2424	0.215592149825	174378.250177	0.0956572088907	1.66044705885	81391.8046837	54867.9951212
5450000.0	31534.832269	32189881.0488	0.216303125249	174378.022717	0.0971457538543	1.65682592825	81032.1494111	54589.3695435
5475000.0	31678.3440845	32871638.6683	0.217008264357	174375.413091	0.0986485525967	1.65327186856	80678.6177631	54315.3123856
5500000.0	31822.1788751	33563941.301	0.217708490647	174370.181272	0.100165733935	1.64978317769	80330.7505134	54045.4236562
5525000.0	31966.3356679	34266894.6023	0.218407190602	174364.604395	0.101696446988	1.64632614964	79986.4630712	53778.3166176
5550000.0	32110.8145	34980596.5257	0.219107574626	174360.513961	0.103239934603	1.64287387522	79643.977744	53512.7694695
5575000.0	32255.6163539	35705142.6766	0.21981082503	174357.913152	0.104796189381	1.63942448469	79302.8623081	53248.403016
5600000.0	32400.7430484	36440627.515	0.220518450949	174356.799553	0.106365149796	1.63597695945	78962.7611881	52984.8918714
5625000.0	32546.1972601	37187144.6291	0.22123105398	174357.076029	0.107946821902	1.63253308005	78623.6479831	52722.1641116
5650000.0	32691.9804351	37944787.7013	0.221943496055	174358.30273	0.109541466181	1.62910197104	78287.3023294	52461.763411
5675000.0	32838.0915762	38713651.0426	0.22265439241	174360.269306	0.111149192922	1.62568688474	77954.0252799	52203.9511441
5700000.0	32984.5300592	39493828.4625	0.223364912289	174362.864008	0.112770045227	1.62228842791	77623.3144309	51948.2768429
5725000.0	33131.2960491	40285412.9496	0.224076239681	174365.962588	0.114403974605	1.61890691635	77294.6591902	51694.2561899
5750000.0	33278.3904663	41088496.3721	0.22478956128	174369.465002	0.116051037618	1.61554277988	76967.5967816	51441.4751687
5775000.0	33425.8150397	41903169.6427	0.22550602321	174373.233741	0.117711201025	1.61219661375	76641.6760224	51189.4873189
5800000.0	33573.5722542	42729522.3943	0.22622688104	174377.153668	0.119384449801	1.60886834378	76316.4912051	50937.9045603
5825000.0	33721.6653466	43567642.9965	0.226953185455	174381.062908	0.121070820276	1.60555825017	75991.6795115	50686.3776887
5850000.0	33870.0977726	44417618.63	0.227683410921	174384.660334	0.122770384479	1.60227050587	75667.8077054	50435.3321921
5875000.0	34018.8709582	45279537.0819	0.228413715086	174387.520562	0.124483384435	1.59901217087	75346.1685056	50185.8459917
5900000.0	34167.9852688	46153485.1714	0.22914397255	174389.416919	0.126209913118	1.59578326421	75026.8349681	49938.0037671
5925000.0	34317.4412983	47039548.9504	0.229874438517	174390.111827	0.12795002004	1.59258531248	74709.8354	49691.8056044
5950000.0	34467.2397959	47937813.2087	0.23060533945	174389.378609	0.129703746914	1.58941818212	74395.1304636	49447.2349443
5975000.0	34617.3816548	48848361.4133	0.231336832345	174387.039804	0.131471125041	1.58628381077	74082.7871589	49204.323193
6000000.0	34767.8742211	49771500.631	0.232069276699	174382.753951	0.133252528577	1.58318490142	73772.8966311	48963.1413836
6025000.0	34918.7205837	50707369.1151	0.232805194659	174377.976578	0.135047300897	1.58010329958	73464.180303	48722.808273
6050000.0	35069.9172345	51655808.4324	0.233547742881	174374.404874	0.136854304429	1.57701549542	73155.0922479	48482.2919066
6075000.0	35221.4666853	52616887.4086	0.234294427521	174371.843056	0.138673739888	1.57392701907	72846.2787833	48242.0954803
6100000.0	35373.3705141	53590673.6592	0.23504477156	174370.208825	0.140505589346	1.57083839523	72537.8325795	48002.2942963
6125000.0	35525.6303322	54577232.182	0.235799090168	174369.442921	0.142349750298	1.56774905108	72229.6847023	47762.837955
6150000.0	35678.2511975	55576745.2598	0.236557887588	174369.478736	0.144206281546	1.56465855924	71921.7357009	47523.6426559
6175000.0	35831.2504388	56589822.4494	0.237321738337	174370.346379	0.146075533842	1.56156582561	71613.8565548	47284.6064184
6200000.0	35984.6134334	57615916.8984	0.238090900713	174371.875714	0.147956935715	1.55847145655	71305.9368142	47045.6251536
6225000.0	36138.3426675	58655084.3062	0.238865959981	174374.035764	0.149850343722	1.55537482851	70997.8656441	46806.6013686
6250000.0	36292.4408762	59707377.3017	0.239647294808	174376.691267	0.151755749148	1.55227688151	70689.5428393	46567.433931
6275000.0	36446.9220405	60773244.3176	0.240434273064	174379.663442	0.153673580091	1.54918056736	70381.1176186	46328.2144136
6300000.0	36601.7960566	61853001.7674	0.241226227054	174382.750495	0.155604141751	1.54608829065	70072.8521325	46089.1539556
6325000.0	36757.0481934	62946107.1003	0.242022541461	174385.880611	0.157546822053	1.5430005006	69764.9429809	45850.4159049
6350000.0	36912.680094	64052604.6083	0.242822903099	174388.928439	0.15950156538	1.53991835257	69457.5680834	45612.1433738
6375000.0	37068.7066263	65173009.2644	0.243627202183	174391.84776	0.161468775948	1.53684284545	69150.9205573	45374.4974662
6400000.0	37225.139149	66307714.4316	0.244435278913	174394.480967	0.163448592975	1.53377470365	68845.1828066	45137.6162532
6425000.0	37381.9576442	67456013.0279	0.245246738441	174396.760638	0.165440392248	1.53071483364	68540.4280047	44901.5578232
6450000.0	37539.1629942	68617937.7593	0.246061522125	174398.543984	0.167444107445	1.52766396642	68236.7482958	44666.3824072
6475000.0	37696.7916096	69794762.6256	0.246880245283	174399.441007	0.169460917966	1.52462062645	67933.8842556	44431.8970502
6500000.0	37854.8187304	70985604.6152	0.247701973143	174399.299342	0.171490185071	1.52158890053	67631.9603215	44198.1478911
6525000.0	38013.2382539	72190253.3038	0.248525958741	174398.091678	0.173531491182	1.51857145659	67331.3057359	43965.3760342
6550000.0	38172.07981	73409776.6874	0.24935133369	174395.513158	0.175585818937	1.51557385651	67032.3768421	43733.9317173
6575000.0	38331.3338171	74643883.0109	0.250177259645	174391.557958	0.177652709237	1.51259985217	66735.5042556	43504.0339878
6600000.0	38490.9816529	75891957.2296	0.25100507464	174387.171169	0.179731101285	1.50963932359	66439.9861831	43275.2096728
6625000.0	38651.0577106	77155230.8473	0.251837355233	174383.71794	0.181820965642	1.50667782836	66144.8948133	43046.829023
6650000.0	38811.5494293	78433252.8187	0.252674307353	174381.160004	0.183921946941	1.50371551188	65850.142277	42818.832359
6675000.0	38972.438813	79725357.0231	0.253517120592	174379.31476	0.186033574511	1.50074763385	65555.0222351	42590.6426644
6700000.0	39133.7791451	81033367.6187	0.25436650521	174378.122007	0.188157134645	1.49777279741	65259.4469378	42362.2141418
6725000.0	39295.5311727	82355855.1916	0.255221161049	174377.560167	0.190291414248	1.49479417676	64963.7904053	42133.8364694
6750000.0	39457.7021243	83693048.7079	0.256080424938	174377.565646	0.192436389621	1.49181286491	64668.3010935	41905.7298977
6775000.0	39620.3290527	85046234.9474	0.256943884935	174378.155707	0.194592926458	1.48883192577	64373.3377184	41678.1847055
6800000.0	39783.362378	86413677.7759	0.257810496074	174379.23536	0.19675955034	1.48585205177	64079.104635	41451.36983
6825000.0	39946.8540022	87797215.6026	0.258679885842	174380.822451	0.198937476288	1.482876288	63786.0108662	41225.6277281
6850000.0	40110.7715055	89195733.8373	0.25955232296	174382.785455	0.20112582399	1.47990287797	63493.7729523	41000.724406
6875000.0	40275.122878	90609501.1543	0.260429449904	174384.879885	0.203325013846	1.47692739145	63201.650349	40776.076528
6900000.0	40439.9335876	92039379.2525	0.261311053711	174387.10027	0.205535473389	1.47395075249	62909.8556983	40551.8572985
6925000.0	40605.1590945	93483793.3686	0.262195974789	174389.423154	0.207756005652	1.47097525178	62618.6829627	40328.2760749
6950000.0	40770.8723953	94945305.337	0.263083740972	174391.795663	0.209988183729	1.46800552404	62328.6953664	40105.759039
6975000.0	40936.9959603	96421220.4814	0.263973117903	174394.209201	0.212230069809	1.46504224703	62040.0062876	39884.3886723
7000000.0	41103.6038279	97914184.267	0.264863303714	174396.657505	0.214483279103	1.46209224186	61753.3128995	39664.6733085
7025000.0	41270.6325495	99422025.7483	0.265753456542	174399.032735	0.216746210589	1.45915567046	61468.6132807	39446.6002451
7050000.0	41438.1348066	100946667.232	0.266645045045	174401.160466	0.219020415216	1.45622926863	61185.5065372	39229.8998848
7075000.0	41606.0695047	102486666.889	0.267538726584	174402.908775	0.22130492949	1.45330990497	60903.4739759	39014.1539382
7100000.0	41774.4746127	104043397.147	0.268433698788	174404.105851	0.223600463996	1.45040227035	60622.9572406	38799.6831292
7125000.0	41943.3184652	105615776.943	0.269328788397	174404.800485	0.225906162134	1.44750949975	60344.2054781	38586.649291
7150000.0	42112.6326778	107205003.414	0.27022318118	174404.850263	0.22822269544	1.44463712867	60067.7010681	38375.3959036
7175000.0	42282.3836765	108809964.65	0.271115697152	174404.23456	0.2305492194	1.4417877949	59793.6204143	38166.022604
7200000.0	42452.6078263	110432088.493	0.272005202515	174402.818901	0.232886417972	1.43896750477	59522.5500213	37958.9528914
7225000.0	42623.2585517	112069812.246	0.272892085413	174400.523138	0.235233464357	1.43617439131	59254.0859031	37753.8550986
7250000.0	42794.3903563	113725230.967	0.273777858227	174397.058077	0.237591782592	1.4334058621	58987.7692959	37550.3661904
7275000.0	42965.9348109	115395883.23	0.27466440642	174393.452852	0.239959247582	1.4306481209	58722.6563214	37347.8500528
7300000.0	43137.9780254	117084988.184	0.275552567517	174390.433246	0.242337113642	1.42789537426	58458.7202656	37146.3854054
7325000.0	43310.4306601	118789280.413	0.276441458824	174387.922546	0.244723427148	1.42514752354	58195.9778437	36945.9785488
7350000.0	43483.3743393	120511856.321	0.277330344961	174386.072524	0.247119702323	1.42240537829	57934.9154689	36747.0736514
7375000.0	43656.7445064	122250389.215	0.278218480981	174384.804841	0.24952458539	1.41966963315	57675.5840156	36549.7006293
7400000.0	43830.5760849	124006286.287	0.279105350351	174384.176142	0.251938679722	1.41693973551	57418.2116709	36354.0852742
7425000.0	44004.8634943	125779413.518	0.279992549976	174383.941443	0.254362183129	1.41421193598	57162.16644	36159.7293525
7450000.0	44179.5771987	127568701.237	0.280879975257	174384.021685	0.25679453656	1.41148660456	56907.3289106	35966.5173132
7475000.0	44354.7847907	129376778.094	0.281767271838	174384.421554	0.259236879887	1.40876841192	56654.1560574	35774.7818888
7500000.0	44530.4069965	131200696.04	0.282653760921	174385.150801	0.261687474033	1.40605965494	56402.6145458	35584.4265239
7525000.0	44706.504675	133042874.713	0.283538702298	174386.26066	0.26414737812	1.40336502632	56153.1863244	35395.8141262
7550000.0	44883.0479038	134902271.146	0.284421566848	174387.649711	0.266615950052	1.40068820953	55906.0364258	35209.0252829
7575000.0	45060.0120905	136778049.084	0.285301703941	174389.320461	0.269092610593	1.3980310431	55661.1870227	35024.0360302
7600000.0	45237.4721082	138673252.164	0.286179846095	174391.11646	0.271579229653	1.39539619659	55418.6528562	34840.8549161
7625000.0	45415.3458218	140584752.49	0.287056279624	174392.923911	0.274074311134	1.39277843324	55177.9276767	34659.1055603
7650000.0	45593.666242	142513949.695	0.287930336012	174394.747787	0.276578345481	1.39017838138	54939.274447	34479.0148667
7675000.0	45772.4535476	144461771.881	0.288801161738	174396.640485	0.279091583121	1.38759614995	54702.9481164	34300.8109015
7700000.0	45951.6530994	146426163.461	0.289668645008	174398.566255	0.281612906283	1.38502862105	54468.7866919	34124.3889807
7725000.0	46131.3101564	148409099.131	0.290531859923	174400.551447	0.284143114397	1.38247642034	54237.2222589	33950.1364516
7750000.0	46311.4137024	150410305.777	0.29139031262	174402.519669	0.286681929013	1.37993771498	54008.2698797	33778.0917071
7775000.0	46491.9248974	152428347.213	0.292244797696	174404.32458	0.289229041497	1.37740965409	53781.5038952	33607.9292061
7800000.0	46672.8897141	154465268.916	0.293095095122	174405.868388	0.291785413678	1.37489512762	53557.1465091	33439.811209
7825000.0	46854.2933024	156520611.67	0.293940934016	174407.113609	0.2943508089	1.37239622494	53335.2146181	33273.7299317
7850000.0	47036.1007326	158593059.795	0.294782243153	174408.084796	0.296924299728	1.36991524877	53115.6626797	33109.5848134
7875000.0	47218.3443721	160684166.445	0.295618123227	174408.759284	0.299506345046	1.36745714093	52898.8024541	32947.5698426
7900000.0	47401.0298998	162794384.537	0.296447868811	174409.10319	0.302097077685	1.36502611445	52684.8271212	32787.7991295
7925000.0	47584.1124244	164921968.247	0.297271806988	174409.092564	0.304695573915	1.36262197279	52473.5029533	32630.051121
7950000.0	47767.597906	167067370.215	0.298089858136	174408.515501	0.307302323381	1.36024403424	52264.79504	32474.318313
7975000.0	47951.5393511	169233167.97	0.298901335773	174407.223963	0.309918509144	1.35789385995	52058.9850362	32320.8411567
8000000.0	48135.8702373	171416592.923	0.299706918396	174405.267624	0.312542929194	1.35556795667	51855.7065829	32169.332711
8025000.0	48320.5884386	173617732.153	0.30050637152	174402.668736	0.315175474854	1.3532650363	51655.0034537	32019.8575219
8050000.0	48505.7288094	175838411.628	0.301299462108	174399.607112	0.317816689304	1.35098499842	51457.0083208	31872.5291624
8075000.0	48691.2811334	178078370.905	0.302087420996	174396.927723	0.320465918439	1.34871972134	51261.3566125	31727.1517051
8100000.0	48877.213308	180336294.77	0.302870517161	174394.651689	0.323122678295	1.34646652151	51067.7921226	31583.5531544
8125000.0	49063.5237371	182612267.838	0.303648959812	174392.661915	0.325787283917	1.34422640505	50876.2887151	31441.7137234
8150000.0	49250.2554685	184908556.252	0.304421666905	174390.9525	0.328460624371	1.34200149741	50687.0865211	31301.8137756
8175000.0	49437.3781495	187223903.668	0.305188911803	174389.587699	0.331141751743	1.33979139872	50500.073788	31163.7211012
8200000.0	49624.871985	189557544.071	0.30595069774	174388.55351	0.333830212294	1.33759588125	50315.1627123	31027.340319
8225000.0	49812.7345181	191909557.534	0.30670697681	174387.87938	0.336525604626	1.33541545124	50132.3838737	30892.6598628
8250000.0	50000.9939828	194281601.688	0.30745682092	174387.611374	0.33922835614	1.33325218896	49952.0218318	30759.893369
8275000.0	50189.6411386	196673482.146	0.308199670244	174387.66864	0.341938574698	1.33110626321	49774.0727687	30629.025046
8300000.0	50378.6469476	199083959.675	0.308936039861	174387.908054	0.344656099347	1.32897618089	49598.3828254	30499.9697821
8325000.0	50568.0083708	201513114.387	0.309665735411	174388.319329	0.347380916518	1.32686218601	49424.923149	30372.7183998
8350000.0	50757.7224743	203961026.589	0.310388979465	174388.945104	0.35011298239	1.32476426089	49253.6569936	30247.255991
8375000.0	50947.8331709	206430326.52	0.311105034092	174389.836648	0.35285326179	1.32268601396	49084.8871268	30123.8175972
8400000.0	51138.2927866	208918710.816	0.31181459745	174390.931448	0.355600817942	1.32062548554	48918.2758308	30002.1359908
8425000.0	51329.0951132	211426075.085	0.312517893864	174392.218015	0.358355596947	1.31858375836	48753.8471524	29882.2182764
8450000.0	51520.2371697	213952499.35	0.31321413648	174393.581416	0.361117988351	1.31656157275	48591.7070084	29764.1511954
8475000.0	51711.7158455	216498065.233	0.313903196952	174394.962569	0.363888020651	1.31455867402	48431.8619375	29647.9340955
8500000.0	51903.5595368	219064703.987	0.314584305924	174396.401614	0.366666285279	1.31257874734	48274.52673	29533.6849412
8525000.0	52095.743717	221651309.308	0.315258026069	174397.88475	0.369452028981	1.31062051506	48119.5419311	29421.2605294
8550000.0	52288.253159	224257272.869	0.315924793516	174399.448488	0.372244755626	1.30868374481	47966.8226423	29310.5743113
8575000.0	52481.0843684	226882669.772	0.316584566064	174401.086444	0.375044307562	1.30676859495	47816.3215611	29201.5768423
8600000.0	52674.2338959	229527574.664	0.317237175878	174402.707899	0.377850911789	1.30487711907	47668.0771994	29094.2821479
8625000.0	52867.6982069	232192063.943	0.31788239702	174404.231192	0.380664863166	1.30301043881	47522.1766192	28988.7682801
8650000.0	53061.497374	234877732.095	0.318519318254	174405.56831	0.383486642399	1.30116845515	47378.7570207	28885.1689924
8675000.0	53255.6144884	237583868.571	0.319148008664	174406.833392	0.386315970381	1.29934720816	47237.7037778	28783.4456685
8700000.0	53450.0335487	240309791.961	0.319768273708	174407.983922	0.389152460719	1.29754423387	47098.9423189	28683.565226
8725000.0	53644.7503306	243055577.264	0.320379901487	174409.052896	0.391996065417	1.29575797254	46962.4869359	28585.5575535
8750000.0	53839.7602752	245821298.59	0.320982602032	174410.007081	0.394846967062	1.29398681003	46828.3279244	28489.4448734
8775000.0	54035.058931	248607032.006	0.321576112924	174410.716281	0.397705569728	1.29223255499	46696.4872157	28395.2248635
8800000.0	54230.6417223	251412855.3	0.322160175017	174411.126335	0.400571771186	1.29049652527	46567.0291859	28302.9382264
8825000.0	54426.5086128	254239188.752	0.322734569929	174411.264027	0.403445681502	1.28877943608	46440.0100449	28212.6312426
8850000.0	54622.6703508	257087308.349	0.323298320154	174411.068085	0.406327539543	1.28708334381	46315.5810195	28124.4041958
8875000.0	54819.099998	259955707.395	0.32385227902	174410.575311	0.409216734269	1.28540801416	46193.6259914	28038.1630696
8900000.0	55015.7922516	262844456.934	0.324395868157	174409.767581	0.412113064781	1.28375410226	46074.1900549	27953.9242987
8925000.0	55212.741318	265753629.367	0.324927701401	174408.552111	0.415016834183	1.2821225095	45957.5329472	27871.9296877
8950000.0	55409.9405606	268683299.01	0.325447119384	174406.833532	0.417928344469	1.28051359374	45843.7037101	27792.2158375
8975000.0	55607.3840474	271633540.425	0.325956005505	174404.585743	0.42084768759	1.27892651129	45732.3759824	27714.4922369
9000000.0	55805.0669985	274604426.425	0.32645690371	174402.106711	0.423774348993	1.27735868799	45623.1705105	27638.4300004
9025000.0	56002.9858978	277596026.195	0.32695219452	174399.817183	0.426707945434	1.27580698729	45515.6918755	27563.7074188
9050000.0	56201.1384212	280608406.252	0.327444092337	174397.852754	0.429648202208	1.27426969145	45409.5802274	27490.0103471
9075000.0	56399.5234419	283641631.627	0.327933510496	174396.196391	0.432595280993	1.27274737662	45304.8735465	27417.3823915
9100000.0	56598.1465294	286696425.878	0.328418739714	174394.794614	0.435549490743	1.27124175721	45202.1843192	27346.3912748
9125000.0	56797.0043524	289772793.943	0.32889828364	174393.565498	0.438510929018	1.26975338384	45101.2809175	27276.7911727
9150000.0	56996.0867997	292870154.181	0.329371448845	174392.570739	0.441479423725	1.26828188091	45001.9112804	27208.3216264
9175000.0	57195.3901853	295988570.875	0.329837347527	174391.790044	0.444454843647	1.26682598778	44903.8001864	27140.7252715
9200000.0	57394.9103108	299128106.835	0.330294853423	174391.25646	0.447437227541	1.26538636384	44806.7094147	27073.737029
9225000.0	57594.6423202	302288825.308	0.330742994393	174390.959216	0.450426550179	1.26396276233	44710.4803296	27007.1928641
9250000.0	57794.5809845	305470789.683	0.331181616589	174390.769596	0.453423342636	1.26255651344	44615.1695948	26941.1387104
9275000.0	57994.721302	308674065.005	0.331611120162	174390.696309	0.456427562205	1.26116764567	44520.9792147	26875.7846138
9300000.0	58195.0586998	311898715.151	0.332032468082	174390.789074	0.459438938662	1.25979566526	44428.1363228	26811.371632
9325000.0	58395.5890406	315144801.436	0.332446586025	174391.032542	0.462457484326	1.25844001437	44336.8109646	26748.0947533
9350000.0	58596.3087285	318412383.561	0.332854506523	174391.469553	0.46548285128	1.25710027603	44247.2479296	26686.2022608
9375000.0	58797.2146052	321701519.991	0.333256910696	174392.109554	0.468515066415	1.25577656371	44159.5906612	26625.8400929
9400000.0	58998.303772	325012269.054	0.333653800089	174392.864353	0.471554416569	1.25447016395	44073.7739153	26566.9138266
9425000.0	59199.5732115	328344690.235	0.334044451436	174393.700023	0.474601077362	1.25318162345	43989.6952565	26509.3063204
9450000.0	59401.0193918	331698842.433	0.334427904227	174394.613548	0.477654938049	1.25190991244	43907.3604842	26453.0433808
9475000.0	59602.638165	335074782.741	0.334803328046	174395.629632	0.480715751171	1.25065359498	43826.7427708	26398.1234034
9500000.0	59804.4247397	338472566.007	0.335169844692	174396.782078	0.483783406311	1.24941153703	43747.8346334	26344.5645988
9525000.0	60006.373737	341892245.137	0.335526435456	174398.063018	0.486857857766	1.24818290031	43670.6429678	26292.3982756
9550000.0	60208.4792341	345333873.516	0.335872299079	174399.399211	0.489939409021	1.24696931032	43595.3084261	26241.7313968
9575000.0	60410.7351619	348797506.681	0.33620726937	174400.707953	0.493028400175	1.24577183777	43521.9200183	26192.6353522
9600000.0	60613.1355983	352283200.882	0.336531728484	174401.994623	0.496124970492	1.24459061882	43450.4309049	26145.067126
9625000.0	60815.6748888	355791011.031	0.336846173181	174403.246065	0.499229138813	1.24342554344	43380.7889369	26098.9786748
9650000.0	61018.3476215	359320990.891	0.337151109809	174404.467807	0.502340641664	1.24227651289	43312.9334479	26054.3042351
9675000.0	61221.1486639	362873193.415	0.337446944806	174405.66605	0.505459529632	1.24114347228	43246.8063914	26010.9899497
9700000.0	61424.073297	366447671.974	0.337734233049	174406.737777	0.508588846126	1.24002693838	43182.2774268	25968.9961267
9725000.0	61627.1170546	370044478.345	0.338013586205	174407.79508	0.511724636526	1.23892596964	43119.3698167	25928.234737
9750000.0	61830.2760383	373663669.147	0.338285585845	174408.964431	0.51486267742	1.23783934064	43058.1174226	25888.6286182
9775000.0	62033.5457218	377305282.393	0.338550499288	174410.02589	0.518010825516	1.23676859984	42998.2754314	25850.1581872
9800000.0	62236.9224743	380969365.298	0.338808892903	174410.996607	0.521168609296	1.23571383948	42939.7998706	25812.7602841
9825000.0	62440.403135	384655967.731	0.339061451742	174412.010284	0.524330730844	1.2346736535	42882.7616028	25776.3639829
9850000.0	62643.9837017	388365122.743	0.339307449807	174412.914064	0.527500160507	1.23364987395	42827.1974835	25741.0601984
9875000.0	62847.6603165	392096876.22	0.339545424592	174413.608258	0.530677517864	1.2326448277	42773.3240829	25707.0243174
9900000.0	63051.4285821	395851274.945	0.339775029921	174414.053	0.533862864251	1.23165819725	42721.1825954	25674.3027694
9925000.0	63255.2842069	399628365.601	0.339996618192	174414.245412	0.537056195593	1.23068935164	42670.6986418	25642.8370696
9950000.0	63459.2229942	403428192.526	0.340210433308	174414.230521	0.540257315174	1.22973765178	42621.8115711	25612.5739195
9975000.0	63663.2408422	407250798.019	0.340416656774	174413.942393	0.543466344957	1.22880207865	42574.4391799	25583.4570132
10000000.0	63867.3337313	411096223.44	0.340615531715	174413.42489	0.546682967079	1.22788152517	42528.5134138	25555.4353726
10025000.0	64071.4978527	414964507.435	0.340807359371	174412.632069	0.549907292961	1.22697562145	42483.9717667	25528.4591882
10050000.0	64275.7333052	418857117.156	0.340992036839	174411.572315	0.553139612314	1.22608433095	42440.8383842	25502.5479188
10075000.0	64480.0333731	422773115.383	0.341170322431	174410.280809	0.556379524044	1.2252055683	42398.9631861	25477.6014792
10100000.0	64684.3935888	426712199.458	0.341342245654	174408.724183	0.559626794821	1.22433896117	42358.246624	25453.5246838
10125000.0	64888.810543	430674403.09	0.341508395496	174406.947159	0.562881263495	1.22348294248	42318.6237234	25430.2880933
10150000.0	65093.280827	434659757.134	0.341668132813	174405.19717	0.56614280508	1.22263704073	42280.1459474	25407.9455572
10175000.0	65297.8006462	438668293.42	0.341820408463	174403.579643	0.569411931997	1.22180328356	42243.0717356	25386.7189655
10200000.0	65502.3657651	442700043.435	0.341964965102	174402.062576	0.57268887964	1.22098259709	42207.4678016	25366.6581495
10225000.0	65706.9720391	446755037.95	0.342102077793	174400.66857	0.575973568364	1.22017470405	42173.2638127	25347.697925
10250000.0	65911.6155968	450833306.668	0.342232007417	174399.429589	0.579265932422	1.21937929266	42140.3864049	25329.7729509
10275000.0	66116.2926543	454934877.056	0.342355003713	174398.30149	0.582565931283	1.21859609407	42108.7585077	25312.8124744
10300000.0	66320.9995191	459059773.967	0.342471481183	174397.309122	0.585873431399	1.21782467962	42078.3138102	25296.756512
10325000.0	66525.7326912	463208021.544	0.342581618104	174396.476565	0.589188440416	1.21706530294	42048.9899248	25281.5416563
10350000.0	66730.4911107	467382374.708	0.342685136594	174395.841635	0.592511891842	1.21631874942	42020.8051126	25267.1695171
10375000.0	66935.2688962	471580592.595	0.342782876202	174395.375141	0.595842823437	1.2155834628	41993.5971537	25253.5085603
10400000.0	67140.0627172	475802368.736	0.342875298892	174395.115229	0.59918093433	1.21485913527	41967.2848391	25240.4801692
10425000.0	67344.8697419	480047721.882	0.342962578772	174395.015586	0.602526338147	1.21414545684	41941.7822904	25228.0092515
10450000.0	67549.6871781	484316667.584	0.3430446867	174395.091845	0.605879136088	1.21344257727	41917.0984793	25216.1057826
10475000.0	67754.5121001	488609221.976	0.343120937588	174395.292007	0.609239668658	1.21275164208	41893.3565018	25204.8708745
10500000.0	67959.3413618	492925402.293	0.343190634386	174395.542614	0.612608309186	1.21207368863	41870.6742568	25194.4012132
10525000.0	68164.1716593	497265224.464	0.343253950102	174395.870202	0.615985056975	1.21140835955	41849.0440219	25184.6963093
10550000.0	68368.999637	501629355.027	0.34331090524	174396.243688	0.619369972906	1.2107556603	41828.4642186	25175.7513261
10575000.0	68573.8208055	506020653.136	0.343361079746	174396.719677	0.622763852051	1.21011705329	41809.0690138	25167.6622821
10600000.0	68778.6325359	510435801.107	0.343405536759	174397.266892	0.626165628053	1.20949023925	41790.6792612	25160.301537
10625000.0	68983.4319524	514874807.853	0.343444519552	174397.912606	0.629575087184	1.2088752261	41773.2885466	25153.6590737
10650000.0	69188.2162742	519337680.235	0.343478192646	174398.641099	0.632992220264	1.20827151086	41756.8740009	25147.7239534
10675000.0	69392.9828372	523824422.966	0.343506745061	174399.464214	0.636416923263	1.20767882298	41741.4198915	25142.4844905
10700000.0	69597.7290729	528335038.125	0.343530412966	174400.413998	0.639848988439	1.20709694383	41726.9118379	25137.9272542
10725000.0	69802.4524656	532869524.572	0.343549432946	174401.481629	0.643288310462	1.20652496649	41713.312802	25134.0354814
10750000.0	70007.1455161	537432208.655	0.343563077778	174402.657085	0.646736236138	1.20596495548	41700.7738663	25130.9109003
10775000.0	70211.8085977	542019658.024	0.343571027079	174403.881834	0.650192166125	1.20541637137	41689.3059985	25128.5844463
10800000.0	70416.4396019	546631160.605	0.343573089727	174405.098275	0.653656153277	1.20487934044	41678.896225	25127.0461399
10825000.0	70621.0357478	551266714.753	0.343569424258	174406.299295	0.657128196031	1.20435381342	41669.5190731	25126.2713569
10850000.0	70825.5944032	555926316.684	0.343560317624	174407.494651	0.660608272156	1.20383939623	41661.1303656	25126.2270578
10875000.0	71030.1130953	560609960.266	0.34354605918	174408.688956	0.664096387908	1.20333558003	41653.6824403	25126.8818814
10900000.0	71234.5848455	565320066.911	0.343526610958	174409.843212	0.667593179749	1.20284331035	41647.2264302	25128.2621364
10925000.0	71439.0043999	570057816.067	0.343502056019	174410.984263	0.671099184544	1.20236236394	41641.7227365	25130.339399
10950000.0	71643.375849	574819784.398	0.343473353429	174412.121176	0.674612992191	1.2018912606	41637.0117414	25132.9842089
10975000.0	71847.6974276	579605959.154	0.343440784597	174413.239166	0.678134651926	1.20142979198	41633.0575015	25136.1675086
11000000.0	72051.9675067	584416324.527	0.343404625461	174414.339261	0.681664133455	1.20097768239	41629.8205504	25139.857329
11025000.0	72256.1845839	589250861.603	0.34336514907	174415.435259	0.68520132256	1.20053467379	41627.2603062	25144.0188566
11050000.0	72460.3384672	594113330.166	0.343322238188	174416.518584	0.688747429218	1.20010223248	41625.4388421	25148.6819183
11075000.0	72664.4284363	599003094.524	0.343274990381	174417.55457	0.692302428732	1.19968140184	41624.4337214	25153.9051306
11100000.0	72868.4591849	603917194.254	0.343223142619	174418.476876	0.695865831164	1.19927179595	41624.285191	25159.7428648
11125000.0	73072.4288822	608855608.216	0.343166791223	174419.286283	0.699437654761	1.19887326685	41624.970957	25166.1754761
11150000.0	73276.3357886	613818312.468	0.343106233176	174419.994181	0.703017785458	1.1984853504	41626.4425528	25173.1608217
11175000.0	73480.1753047	618806361.369	0.343041618217	174420.597249	0.706606416317	1.19810786919	41628.6990346	25180.6942398
11200000.0	73683.9301485	623825258.788	0.342972600883	174421.045941	0.710205666273	1.19774209904	41631.8099729	25188.8271082
11225000.0	73887.6161698	628868606.303	0.342900539622	174421.352497	0.713813023259	1.19738489327	41635.5425674	25197.3841151
11250000.0	74091.2323578	633936370.617	0.342825728044	174421.54581	0.717428393343	1.19703593029	41639.8628634	25206.3367033
11275000.0	74294.7778455	639028515.734	0.342748470416	174421.622455	0.721051736921	1.19669479884	41644.7362731	25215.6582295
11300000.0	74498.2501781	644145583.755	0.34266904613	174421.534756	0.724683255072	1.19636112828	41650.1380254	25225.3307802
11325000.0	74701.6266886	649294868.686	0.342587346837	174421.256618	0.728325017908	1.19603613732	41656.1291069	25235.3815762
11350000.0	74904.9295367	654468672.185	0.342504361246	174420.842513	0.731974576294	1.1957173652	41662.5159285	25245.6768287
11375000.0	75108.1583916	659666949.741	0.342419441004	174420.258353	0.73563208486	1.19540571716	41669.3876727	25256.2848915
11400000.0	75311.3127193	664889655.022	0.34233203335	174419.462155	0.739297698552	1.19510203306	41676.8220699	25267.2659654
11425000.0	75514.3838295	670139235.143	0.34224139118	174418.36721	0.742972439797	1.19480802959	41684.9499266	25278.7160632
11450000.0	75717.3565583	675420014.57	0.342147622712	174416.956893	0.746657806805	1.19452521364	41693.8170508	25290.6475514
11475000.0	75920.2507581	680725353.919	0.342051670525	174415.357245	0.750351408859	1.1942503376	41703.2103778	25302.9252677
11500000.0	76123.0659048	686055199.909	0.341953484702	174413.706828	0.754053006257	1.19398304446	41713.1323275	25315.5559038
11525000.0	76325.8014989	691409495.518	0.341853027932	174412.13432	0.757762401018	1.19372305478	41723.5859235	25328.5458068
11550000.0	76528.4333934	696795232.071	0.341750006874	174410.714192	0.761481958694	1.19347212401	41734.6765653	25341.9671977
11575000.0	76730.9732785	702208528.493	0.341645101056	174409.455856	0.765209946531	1.19322850663	41746.2705285	25355.7164256
11600000.0	76933.4306522	707646377.888	0.341538719237	174408.321372	0.768945552657	1.19299112881	41758.2748235	25369.7317684
11625000.0	77135.8053565	713108712.112	0.341431079955	174407.309409	0.772688759951	1.19275976791	41770.6605578	25383.991948
11650000.0	77338.0852714	718598981.473	0.341322374064	174406.4571	0.776440530501	1.19253501	41783.4469777	25398.5034517
11675000.0	77540.2568685	724121036.018	0.341212247066	174405.767167	0.780202192394	1.19231749116	41796.6716285	25413.2937007
11700000.0	77742.3439179	729667663.307	0.341099874823	174405.190274	0.78397164896	1.19210770074	41810.443835	25428.4565098
11725000.0	77944.3459341	735238787.511	0.340985037082	174404.710416	0.787748944448	1.1919057986	41824.7874581	25444.0123694
11750000.0	78146.2575162	740835695.94	0.34086754951	174404.311988	0.791534557372	1.19171193701	41839.7183792	25459.9749773
11775000.0	78348.0456921	746467267.965	0.340747084492	174404.039284	0.795331286088	1.19152837503	41855.353084	25476.406721
11800000.0	78549.745378	752123419.452	0.340624836348	174403.842794	0.799135852533	1.1913510205	41871.4180447	25493.1247181
11825000.0	78751.3564907	757804065.084	0.340501007374	174403.732482	0.802948259818	1.19117973042	41887.8842765	25510.1036443
11850000.0	78952.876483	763509801.663	0.340375766056	174403.723316	0.806768737515	1.19101458563	41904.7341019	25527.324565
11875000.0	79154.2646592	769251621.746	0.340249016611	174403.839672	0.810600449997	1.19085694189	41922.0356134	25544.815688
11900000.0	79355.5629043	775018001.098	0.340121590637	174404.034446	0.81443973602	1.19070367053	41939.5834421	25562.4448423
11925000.0	79556.7715737	780808842.986	0.3399936684	174404.317648	0.818286594877	1.19055450042	41957.3493083	25580.1896217
11950000.0	79757.8852309	786625634.517	0.339865426201	174404.707615	0.822141525384	1.19040939387	41975.3149759	25598.031738
11975000.0	79958.8677628	792478355.254	0.339737180359	174405.234718	0.826007437266	1.19026903079	41993.4742946	25615.9449235
12000000.0	80159.7609287	798355584.912	0.339607912809	174405.810443	0.829881135242	1.19013318079	42011.9268838	25634.037673
12025000.0	80360.5648181	804257216.703	0.339477307162	174406.440247	0.833762553639	1.19000216968	42030.7198309	25652.3490139
12050000.0	80561.2639674	810187325.659	0.339344685424	174407.149069	0.837652887186	1.18987727245	42049.9775507	25670.9712699
12075000.0	80761.8368148	816151539.906	0.339210390667	174407.903422	0.841554170888	1.18975954512	42069.6890474	25689.8749447
12100000.0	80962.3188484	822140193.768	0.339075157183	174408.708744	0.845463257624	1.18964648874	42089.6896142	25708.955634
12125000.0	81162.7104313	828153168.927	0.338939161418	174409.56149	0.849380041517	1.18953786235	42109.9531452	25728.1933732
12150000.0	81362.9799851	834198941.76	0.338802623108	174410.449197	0.853306962861	1.18943470851	42130.5004404	25747.5853428
12175000.0	81563.1364628	840275197.943	0.338665977881	174411.375842	0.857243506731	1.18933626231	42151.256572	25767.0805762
12200000.0	81763.202977	846375791.084	0.338529493969	174412.340342	0.861187546967	1.18924151099	42172.1501364	25786.6292343
12225000.0	81963.180201	852500590.136	0.338393312461	174413.345896	0.86513894278	1.18915038871	42193.1628944	25806.2140547
12250000.0	82163.0146994	858664409.802	0.33825812272	174414.399846	0.869102238028	1.18906438565	42214.2669224	25825.7802143
12275000.0	82362.7590633	864853162.408	0.338123887598	174415.489761	0.873072927391	1.18898159481	42235.3977296	25845.3043922
12300000.0	82562.4162917	871066114.327	0.337990224458	174416.602341	0.877050918216	1.18890243366	42256.607792	25864.8301742
12325000.0	82761.9629594	877309970.0	0.337856559885	174417.718603	0.881038491228	1.1888289647	42278.0290175	25884.445427
12350000.0	82961.3895151	883587405.768	0.337721916029	174418.838801	0.885036643387	1.18876305641	42299.8252859	25904.2682649
12375000.0	83160.7296	889889026.682	0.337586831156	174419.939676	0.889042340019	1.18870204622	42321.8440299	25924.2058532
12400000.0	83359.9837778	896214681.566	0.337451420348	174421.013772	0.893055504405	1.1886456694	42344.0635232	25944.2426728
12425000.0	83559.0943363	902580664.154	0.337315970304	174422.109604	0.89708118939	1.18859592604	42366.5231172	25964.3774924
12450000.0	83758.11708	908971466.707	0.337180888635	174423.182423	0.901114473924	1.18854958156	42389.0708792	25984.5277172
12475000.0	83957.0551942	915386268.155	0.337046268768	174424.23153	0.905155111895	1.18850629525	42411.6845421	26004.6791165
12500000.0	84155.874262	921835073.752	0.336912629292	174425.242527	0.909206185321	1.18846663739	42434.3318402	26024.7898186
